timestamp_ms,timestamp_str,lon_bd09,lat_bd09,lon_gcj02,lat_gcj02,lon_wgs84,lat_wgs84,speed,direction,mileage,driving_mode,driving_model,device_id,attributes,calc_speed,vehicle_id,headway_distance,headway_time,acceleration
1764211200000,2025-11-27 10:40:00.000,104.21491,35.931756,104.20830945692995,35.9260078009324,104.205622,35.926234,0.0,339.0,17735.8,1.0,1,612042023200066,"{""1"":177358,""3"":0,""37"":16,""48"":80,""49"":34,""224"":""AC8="",""225"":177358,""226"":0,""227"":282574488338432,""228"":0,""229"":1639,""230"":0,""231"":0}",0.0,1879347316192227330,31.029180144247984,0.0,0.0
1764211200000,2025-11-27 10:40:00.000,104.214667,35.932221,104.20806683505896,35.926470270318994,104.205407,35.92668,1.0,0.0,20212.8,1.0,1,612042023200098,"{""1"":202128,""3"":0,""37"":0,""48"":80,""49"":20,""224"":""AC8="",""225"":202128,""226"":0,""227"":281474976710656,""228"":0,""229"":0,""230"":0,""231"":0}",0.143,1879353494011949057,0.0,0.0,0.0
1764211200000,2025-11-27 10:40:00.000,104.21499,35.931606,104.20838833445588,35.92585864891449,104.205729,35.926069,0.0,0.0,14783.7,1.0,1,612042023200085,"{""1"":147837,""3"":0,""37"":0,""48"":80,""49"":29,""224"":""AC8="",""225"":147837,""226"":0,""227"":281474976710656,""228"":0,""229"":0,""230"":0,""231"":0}",0.0,1879358279721201665,18.04173318299407,0.0,0.0
1764211200000,2025-11-27 10:40:00.000,104.214792,35.93202,104.20819164238392,35.926270038082826,104.205513,35.926489,0.0,0.0,17726.1,1.0,1,612042023200080,"{""1"":177261,""3"":0,""37"":0,""48"":80,""49"":35,""224"":""AC8="",""225"":177261,""226"":0,""227"":281474976710656,""228"":0,""229"":0,""230"":0,""231"":0}",0.0,1879364340897329154,24.94019934344842,0.0,0.0
1764211201000,2025-11-27 10:40:01.000,104.21491,35.931756,104.20830945692995,35.9260078009324,104.205622,35.926234,0.0,339.0,17735.8,1.0,1,612042023200066,"{""1"":177358,""3"":0,""37"":16,""48"":80,""49"":34,""224"":""AC8="",""225"":177358,""226"":0,""227"":282574488338432,""228"":0,""229"":1639,""230"":0,""231"":0}",0.0,1879347316192227330,31.029180144247984,0.0,0.0
1764211201000,2025-11-27 10:40:01.000,104.214667,35.932221,104.20806683505896,35.926470270318994,104.205407,35.92668,2.0,0.0,20212.8,1.0,1,612042023200098,"{""1"":202128,""3"":0,""37"":0,""48"":80,""49"":20,""224"":""AC8="",""225"":202128,""226"":0,""227"":281474976710656,""228"":0,""229"":0,""230"":0,""231"":0}",0.0,1879353494011949057,0.0,0.0,0.0
1764211201000,2025-11-27 10:40:01.000,104.21499,35.931606,104.20838833445588,35.92585864891449,104.205729,35.926069,0.0,0.0,14783.7,1.0,1,612042023200085,"{""1"":147837,""3"":0,""37"":0,""48"":80,""49"":29,""224"":""AC8="",""225"":147837,""226"":0,""227"":281474976710656,""228"":0,""229"":0,""230"":0,""231"":0}",0.0,1879358279721201665,18.04173318299407,0.0,0.0
1764211201000,2025-11-27 10:40:01.000,104.214792,35.93202,104.20819164238392,35.926270038082826,104.205513,35.926489,0.0,0.0,17726.1,1.0,1,612042023200080,"{""1"":177261,""3"":0,""37"":0,""48"":80,""49"":35,""224"":""AC8="",""225"":177261,""226"":0,""227"":281474976710656,""228"":0,""229"":0,""230"":0,""231"":0}",0.0,1879364340897329154,24.94019934344842,0.0,0.0
1764211202000,2025-11-27 10:40:02.000,104.21491,35.931756,104.20830945692995,35.9260078009324,104.205622,35.926234,0.0,339.0,17735.8,1.0,1,612042023200066,"{""1"":177358,""3"":0,""37"":16,""48"":80,""49"":34,""224"":""AC8="",""225"":177358,""226"":0,""227"":282574488338432,""228"":0,""229"":1639,""230"":0,""231"":0}",0.0,1879347316192227330,31.029180144247984,0.0,0.0
1764211202000,2025-11-27 10:40:02.000,104.214667,35.932221,104.20806683505896,35.926470270318994,104.205407,35.92668,0.0,0.0,20212.8,1.0,1,612042023200098,"{""1"":202128,""3"":0,""37"":0,""48"":80,""49"":21,""224"":""AC8="",""225"":202128,""226"":0,""227"":281474976710656,""228"":0,""229"":0,""230"":0,""231"":0}",0.0,1879353494011949057,0.0,0.0,0.0
1764211202000,2025-11-27 10:40:02.000,104.21499,35.931606,104.20838833445588,35.92585864891449,104.205729,35.92607,0.0,0.0,14783.7,1.0,1,612042023200085,"{""1"":147837,""3"":0,""37"":0,""48"":80,""49"":30,""224"":""AC8="",""225"":147837,""226"":0,""227"":281474976710656,""228"":0,""229"":0,""230"":0,""231"":0}",0.0,1879358279721201665,18.04173318299407,0.0,0.0
1764211202000,2025-11-27 10:40:02.000,104.214792,35.93202,104.20819164238392,35.926270038082826,104.205513,35.926489,0.0,0.0,17726.1,1.0,1,612042023200080,"{""1"":177261,""3"":0,""37"":0,""48"":80,""49"":34,""224"":""AC8="",""225"":177261,""226"":0,""227"":281474976710656,""228"":0,""229"":0,""230"":0,""231"":0}",0.0,1879364340897329154,24.94019934344842,0.0,0.0
1764211203000,2025-11-27 10:40:03.000,104.21491,35.931756,104.20830945692995,35.9260078009324,104.205622,35.926234,0.0,339.0,17735.8,1.0,1,612042023200066,"{""1"":177358,""3"":0,""37"":16,""48"":80,""49"":34,""224"":""AC8="",""225"":177358,""226"":0,""227"":282574488338432,""228"":0,""229"":1639,""230"":0,""231"":0}",0.0,1879347316192227330,31.029180144247984,0.0,0.0
1764211203000,2025-11-27 10:40:03.000,104.214666,35.932221,104.20806583651468,35.926470271779856,104.205406,35.92668,1.0,0.0,20212.8,1.0,1,612042023200098,"{""1"":202128,""3"":0,""37"":0,""48"":80,""49"":20,""224"":""AC8="",""225"":202128,""226"":0,""227"":281474976710656,""228"":0,""229"":0,""230"":0,""231"":0}",0.09,1879353494011949057,0.0,0.0,0.0
1764211203000,2025-11-27 10:40:03.000,104.21499,35.931606,104.20838833445588,35.92585864891449,104.205729,35.926069,0.0,0.0,14783.7,1.0,1,612042023200085,"{""1"":147837,""3"":0,""37"":0,""48"":80,""49"":30,""224"":""AC8="",""225"":147837,""226"":0,""227"":281474976710656,""228"":0,""229"":0,""230"":0,""231"":0}",0.0,1879358279721201665,18.04173318299407,0.0,0.0
1764211203000,2025-11-27 10:40:03.000,104.214792,35.93202,104.20819164238392,35.926270038082826,104.205513,35.926489,0.0,0.0,17726.1,1.0,1,612042023200080,"{""1"":177261,""3"":0,""37"":0,""48"":80,""49"":33,""224"":""AC8="",""225"":177261,""226"":0,""227"":281474976710656,""228"":0,""229"":0,""230"":0,""231"":0}",0.0,1879364340897329154,24.980986839933866,0.0,0.0
1764211204000,2025-11-27 10:40:04.000,104.21491,35.931756,104.20830945692995,35.9260078009324,104.205622,35.926234,0.0,339.0,17735.8,1.0,1,612042023200066,"{""1"":177358,""3"":0,""37"":16,""48"":80,""49"":34,""224"":""AC8="",""225"":177358,""226"":0,""227"":282574488338432,""228"":0,""229"":1639,""230"":0,""231"":0}",0.0,1879347316192227330,31.029180144247984,0.0,0.0
1764211204000,2025-11-27 10:40:04.000,104.214666,35.93222,104.20806583645992,35.92646927153083,104.205406,35.926679,1.0,0.0,20212.8,1.0,1,612042023200098,"{""1"":202128,""3"":0,""37"":0,""48"":80,""49"":19,""224"":""AC8="",""225"":202128,""226"":0,""227"":281474976710656,""228"":0,""229"":0,""230"":0,""231"":0}",0.111,1879353494011949057,0.0,0.0,0.0
1764211204000,2025-11-27 10:40:04.000,104.21499,35.931606,104.20838833445588,35.92585864891449,104.205729,35.926069,0.0,0.0,14783.7,1.0,1,612042023200085,"{""1"":147837,""3"":0,""37"":0,""48"":80,""49"":30,""224"":""AC8="",""225"":147837,""226"":0,""227"":281474976710656,""228"":0,""229"":0,""230"":0,""231"":0}",0.0,1879358279721201665,18.04173318299407,0.0,0.0
1764211204000,2025-11-27 10:40:04.000,104.214792,35.93202,104.20819164238392,35.926270038082826,104.205513,35.926489,0.0,0.0,17726.1,1.0,1,612042023200080,"{""1"":177261,""3"":0,""37"":0,""48"":80,""49"":34,""224"":""AC8="",""225"":177261,""226"":0,""227"":281474976710656,""228"":0,""229"":0,""230"":0,""231"":0}",0.0,1879364340897329154,24.88191010619565,0.0,0.0
1764211205000,2025-11-27 10:40:05.000,104.21491,35.931756,104.20830945692995,35.9260078009324,104.205622,35.926234,0.0,339.0,17735.8,1.0,1,612042023200066,"{""1"":177358,""3"":0,""37"":16,""48"":80,""49"":34,""224"":""AC8="",""225"":177358,""226"":0,""227"":282574488338432,""228"":0,""229"":1639,""230"":0,""231"":0}",0.0,1879347316192227330,31.029180144247984,0.0,0.0
1764211205000,2025-11-27 10:40:05.000,104.214667,35.932221,104.20806683505896,35.926470270318994,104.205407,35.92668,1.0,0.0,20212.8,1.0,1,612042023200098,"{""1"":202128,""3"":0,""37"":0,""48"":80,""49"":21,""224"":""AC8="",""225"":202128,""226"":0,""227"":281474976710656,""228"":0,""229"":0,""230"":0,""231"":0}",0.143,1879353494011949057,0.0,0.0,0.0
1764211205000,2025-11-27 10:40:05.000,104.21499,35.931606,104.20838833445588,35.92585864891449,104.205729,35.926069,0.0,0.0,14783.7,1.0,1,612042023200085,"{""1"":147837,""3"":0,""37"":0,""48"":80,""49"":30,""224"":""AC8="",""225"":147837,""226"":0,""227"":281474976710656,""228"":0,""229"":0,""230"":0,""231"":0}",0.0,1879358279721201665,18.04173318299407,0.0,0.0
1764211205000,2025-11-27 10:40:05.000,104.214792,35.93202,104.20819164238392,35.926270038082826,104.205513,35.926489,0.0,0.0,17726.1,1.0,1,612042023200080,"{""1"":177261,""3"":0,""37"":0,""48"":80,""49"":34,""224"":""AC8="",""225"":177261,""226"":0,""227"":281474976710656,""228"":0,""229"":0,""230"":0,""231"":0}",0.0,1879364340897329154,24.94019934344842,0.0,0.0
1764211206000,2025-11-27 10:40:06.000,104.21491,35.931756,104.20830945692995,35.9260078009324,104.205622,35.926233,0.0,339.0,17735.8,1.0,1,612042023200066,"{""1"":177358,""3"":0,""37"":16,""48"":80,""49"":34,""224"":""AC8="",""225"":177358,""226"":0,""227"":282574488338432,""228"":0,""229"":1639,""230"":0,""231"":0}",0.0,1879347316192227330,31.029180144247984,0.0,0.0
1764211206000,2025-11-27 10:40:06.000,104.214667,35.932222,104.20806683511375,35.92647127056803,104.205407,35.926681,1.0,0.0,20212.8,1.0,1,612042023200098,"{""1"":202128,""3"":0,""37"":0,""48"":80,""49"":20,""224"":""AC8="",""225"":202128,""226"":0,""227"":281474976710656,""228"":0,""229"":0,""230"":0,""231"":0}",0.111,1879353494011949057,0.0,0.0,0.0
1764211206000,2025-11-27 10:40:06.000,104.21499,35.931606,104.20838833445588,35.92585864891449,104.205729,35.92607,0.0,0.0,14783.7,1.0,1,612042023200085,"{""1"":147837,""3"":0,""37"":0,""48"":80,""49"":30,""224"":""AC8="",""225"":147837,""226"":0,""227"":281474976710656,""228"":0,""229"":0,""230"":0,""231"":0}",0.0,1879358279721201665,18.04173318299407,0.0,0.0
1764211206000,2025-11-27 10:40:06.000,104.214792,35.93202,104.20819164238392,35.926270038082826,104.205513,35.926488,0.0,0.0,17726.1,1.0,1,612042023200080,"{""1"":177261,""3"":0,""37"":0,""48"":80,""49"":33,""224"":""AC8="",""225"":177261,""226"":0,""227"":281474976710656,""228"":0,""229"":0,""230"":0,""231"":0}",0.0,1879364340897329154,25.0395387721815,0.0,0.0
1764211207000,2025-11-27 10:40:07.000,104.21491,35.931756,104.20830945692995,35.9260078009324,104.205622,35.926233,0.0,339.0,17735.8,1.0,1,612042023200066,"{""1"":177358,""3"":0,""37"":16,""48"":80,""49"":34,""224"":""AC8="",""225"":177358,""226"":0,""227"":282574488338432,""228"":0,""229"":1639,""230"":0,""231"":0}",0.0,1879347316192227330,31.029180144247984,0.0,0.0
1764211207000,2025-11-27 10:40:07.000,104.214667,35.932222,104.20806683511375,35.92647127056803,104.205407,35.926681,0.0,0.0,20212.8,1.0,1,612042023200098,"{""1"":202128,""3"":0,""37"":0,""48"":80,""49"":20,""224"":""AC8="",""225"":202128,""226"":0,""227"":281474976710656,""228"":0,""229"":0,""230"":0,""231"":0}",0.0,1879353494011949057,0.0,0.0,0.0
1764211207000,2025-11-27 10:40:07.000,104.21499,35.931606,104.20838833445588,35.92585864891449,104.205729,35.92607,0.0,0.0,14783.7,1.0,1,612042023200085,"{""1"":147837,""3"":0,""37"":0,""48"":80,""49"":30,""224"":""AC8="",""225"":147837,""226"":0,""227"":281474976710656,""228"":0,""229"":0,""230"":0,""231"":0}",0.0,1879358279721201665,18.04173318299407,0.0,0.0
1764211207000,2025-11-27 10:40:07.000,104.214792,35.93202,104.20819164238392,35.926270038082826,104.205513,35.926488,0.0,0.0,17726.1,1.0,1,612042023200080,"{""1"":177261,""3"":0,""37"":0,""48"":80,""49"":33,""224"":""AC8="",""225"":177261,""226"":0,""227"":281474976710656,""228"":0,""229"":0,""230"":0,""231"":0}",0.0,1879364340897329154,25.0395387721815,0.0,0.0
1764211208000,2025-11-27 10:40:08.000,104.21491,35.931756,104.20830945692995,35.9260078009324,104.205622,35.926233,0.0,339.0,17735.8,1.0,1,612042023200066,"{""1"":177358,""3"":0,""37"":16,""48"":80,""49"":34,""224"":""AC8="",""225"":177358,""226"":0,""227"":282574488338432,""228"":0,""229"":1639,""230"":0,""231"":0}",0.0,1879347316192227330,31.029180144247984,0.0,0.0
1764211208000,2025-11-27 10:40:08.000,104.214668,35.932222,104.20806783365808,35.92647126910719,104.205408,35.926681,1.0,0.0,20212.8,1.0,1,612042023200098,"{""1"":202128,""3"":0,""37"":0,""48"":80,""49"":20,""224"":""AC8="",""225"":202128,""226"":0,""227"":281474976710656,""228"":0,""229"":0,""230"":0,""231"":0}",0.09,1879353494011949057,0.0,0.0,0.0
1764211208000,2025-11-27 10:40:08.000,104.21499,35.931606,104.20838833445588,35.92585864891449,104.205729,35.92607,0.0,0.0,14783.7,1.0,1,612042023200085,"{""1"":147837,""3"":0,""37"":0,""48"":80,""49"":29,""224"":""AC8="",""225"":147837,""226"":0,""227"":281474976710656,""228"":0,""229"":0,""230"":0,""231"":0}",0.0,1879358279721201665,18.04173318299407,0.0,0.0
1764211208000,2025-11-27 10:40:08.000,104.214792,35.93202,104.20819164238392,35.926270038082826,104.205513,35.926488,0.0,0.0,17726.1,1.0,1,612042023200080,"{""1"":177261,""3"":0,""37"":0,""48"":80,""49"":34,""224"":""AC8="",""225"":177261,""226"":0,""227"":281474976710656,""228"":0,""229"":0,""230"":0,""231"":0}",0.0,1879364340897329154,24.999169480171993,0.0,0.0
1764211209000,2025-11-27 10:40:09.000,104.21491,35.931756,104.20830945692995,35.9260078009324,104.205622,35.926233,0.0,339.0,17735.8,1.0,1,612042023200066,"{""1"":177358,""3"":0,""37"":16,""48"":80,""49"":34,""224"":""AC8="",""225"":177358,""226"":0,""227"":282574488338432,""228"":0,""229"":1639,""230"":0,""231"":0}",0.0,1879347316192227330,31.029180144247984,0.0,0.0
1764211209000,2025-11-27 10:40:09.000,104.214668,35.932223,104.20806783371286,35.92647226935622,104.205408,35.926682,1.0,0.0,20212.8,1.0,1,612042023200098,"{""1"":202128,""3"":0,""37"":0,""48"":80,""49"":20,""224"":""AC8="",""225"":202128,""226"":0,""227"":281474976710656,""228"":0,""229"":0,""230"":0,""231"":0}",0.111,1879353494011949057,0.0,0.0,0.0
1764211209000,2025-11-27 10:40:09.000,104.21499,35.931606,104.20838833445588,35.92585864891449,104.205729,35.92607,0.0,0.0,14783.7,1.0,1,612042023200085,"{""1"":147837,""3"":0,""37"":0,""48"":80,""49"":30,""224"":""AC8="",""225"":147837,""226"":0,""227"":281474976710656,""228"":0,""229"":0,""230"":0,""231"":0}",0.0,1879358279721201665,18.04173318299407,0.0,0.0
1764211209000,2025-11-27 10:40:09.000,104.214792,35.93202,104.20819164238392,35.926270038082826,104.205513,35.926488,0.0,0.0,17726.1,1.0,1,612042023200080,"{""1"":177261,""3"":0,""37"":0,""48"":80,""49"":34,""224"":""AC8="",""225"":177261,""226"":0,""227"":281474976710656,""228"":0,""229"":0,""230"":0,""231"":0}",0.0,1879364340897329154,25.098767679803903,0.0,0.0
1764211210000,2025-11-27 10:40:10.000,104.21491,35.931756,104.20830945692995,35.9260078009324,104.205622,35.926233,0.0,339.0,17735.8,1.0,1,612042023200066,"{""1"":177358,""3"":0,""37"":16,""48"":80,""49"":34,""224"":""AC8="",""225"":177358,""226"":0,""227"":282574488338432,""228"":0,""229"":1639,""230"":0,""231"":0}",0.0,1879347316192227330,31.029180144247984,0.0,0.0
1764211210000,2025-11-27 10:40:10.000,104.214667,35.932223,104.20806683516852,35.92647227081706,104.205407,35.926682,1.0,0.0,20212.8,1.0,1,612042023200098,"{""1"":202128,""3"":0,""37"":0,""48"":80,""49"":20,""224"":""AC8="",""225"":202128,""226"":0,""227"":281474976710656,""228"":0,""229"":0,""230"":0,""231"":0}",0.09,1879353494011949057,0.0,0.0,0.0
1764211210000,2025-11-27 10:40:10.000,104.21499,35.931606,104.20838833445588,35.92585864891449,104.205729,35.92607,0.0,0.0,14783.7,1.0,1,612042023200085,"{""1"":147837,""3"":0,""37"":0,""48"":80,""49"":30,""224"":""AC8="",""225"":147837,""226"":0,""227"":281474976710656,""228"":0,""229"":0,""230"":0,""231"":0}",0.0,1879358279721201665,18.04173318299407,0.0,0.0
1764211210000,2025-11-27 10:40:10.000,104.214792,35.93202,104.20819164238392,35.926270038082826,104.205513,35.926488,0.0,0.0,17726.1,1.0,1,612042023200080,"{""1"":177261,""3"":0,""37"":0,""48"":80,""49"":35,""224"":""AC8="",""225"":177261,""226"":0,""227"":281474976710656,""228"":0,""229"":0,""230"":0,""231"":0}",0.0,1879364340897329154,25.138977734184525,0.0,0.0
1764211211000,2025-11-27 10:40:11.000,104.21491,35.931756,104.20830945692995,35.9260078009324,104.205622,35.926233,0.0,339.0,17735.8,1.0,1,612042023200066,"{""1"":177358,""3"":0,""37"":16,""48"":80,""49"":34,""224"":""AC8="",""225"":177358,""226"":0,""227"":282574488338432,""228"":0,""229"":1639,""230"":0,""231"":0}",0.0,1879347316192227330,31.029180144247984,0.0,0.0
1764211211000,2025-11-27 10:40:11.000,104.214668,35.932223,104.20806783371286,35.92647226935622,104.205408,35.926682,1.0,0.0,20212.8,1.0,1,612042023200098,"{""1"":202128,""3"":0,""37"":0,""48"":80,""49"":20,""224"":""AC8="",""225"":202128,""226"":0,""227"":281474976710656,""228"":0,""229"":0,""230"":0,""231"":0}",0.09,1879353494011949057,0.0,0.0,0.0
1764211211000,2025-11-27 10:40:11.000,104.21499,35.931606,104.20838833445588,35.92585864891449,104.205729,35.92607,0.0,0.0,14783.7,1.0,1,612042023200085,"{""1"":147837,""3"":0,""37"":0,""48"":80,""49"":30,""224"":""AC8="",""225"":147837,""226"":0,""227"":281474976710656,""228"":0,""229"":0,""230"":0,""231"":0}",0.0,1879358279721201665,18.04173318299407,0.0,0.0
1764211211000,2025-11-27 10:40:11.000,104.214792,35.93202,104.20819164238392,35.926270038082826,104.205513,35.926488,0.0,0.0,17726.1,1.0,1,612042023200080,"{""1"":177261,""3"":0,""37"":0,""48"":80,""49"":36,""224"":""AC8="",""225"":177261,""226"":0,""227"":281474976710656,""228"":0,""229"":0,""230"":0,""231"":0}",0.0,1879364340897329154,25.098767679803903,0.0,0.0
1764211212000,2025-11-27 10:40:12.000,104.21491,35.931756,104.20830945692995,35.9260078009324,104.205621,35.926233,0.0,339.0,17735.8,1.0,1,612042023200066,"{""1"":177358,""3"":0,""37"":16,""48"":80,""49"":33,""224"":""AC8="",""225"":177358,""226"":0,""227"":282574488338432,""228"":0,""229"":1639,""230"":0,""231"":0}",0.0,1879347316192227330,31.029180144247984,0.0,0.0
1764211212000,2025-11-27 10:40:12.000,104.214668,35.932223,104.20806783371286,35.92647226935622,104.205408,35.926683,0.0,0.0,20212.8,1.0,1,612042023200098,"{""1"":202128,""3"":0,""37"":0,""48"":80,""49"":20,""224"":""AC8="",""225"":202128,""226"":0,""227"":281474976710656,""228"":0,""229"":0,""230"":0,""231"":0}",0.0,1879353494011949057,0.0,0.0,0.0
1764211212000,2025-11-27 10:40:12.000,104.21499,35.931606,104.20838833445588,35.92585864891449,104.205729,35.92607,0.0,0.0,14783.7,1.0,1,612042023200085,"{""1"":147837,""3"":0,""37"":0,""48"":80,""49"":30,""224"":""AC8="",""225"":147837,""226"":0,""227"":281474976710656,""228"":0,""229"":0,""230"":0,""231"":0}",0.0,1879358279721201665,18.04173318299407,0.0,0.0
1764211212000,2025-11-27 10:40:12.000,104.214792,35.93202,104.20819164238392,35.926270038082826,104.205513,35.926488,0.0,0.0,17726.1,1.0,1,612042023200080,"{""1"":177261,""3"":0,""37"":0,""48"":80,""49"":35,""224"":""AC8="",""225"":177261,""226"":0,""227"":281474976710656,""228"":0,""229"":0,""230"":0,""231"":0}",0.0,1879364340897329154,25.098767679803903,0.0,0.0
1764211213000,2025-11-27 10:40:13.000,104.21491,35.931756,104.20830945692995,35.9260078009324,104.205621,35.926233,0.0,339.0,17735.8,1.0,1,612042023200066,"{""1"":177358,""3"":0,""37"":16,""48"":80,""49"":33,""224"":""AC8="",""225"":177358,""226"":0,""227"":282574488338432,""228"":0,""229"":1639,""230"":0,""231"":0}",0.0,1879347316192227330,31.029180144247984,0.0,0.0
1764211213000,2025-11-27 10:40:13.000,104.214667,35.932224,104.20806683522328,35.926473271066094,104.205407,35.926683,1.0,0.0,20212.8,1.0,1,612042023200098,"{""1"":202128,""3"":0,""37"":0,""48"":80,""49"":20,""224"":""AC8="",""225"":202128,""226"":0,""227"":281474976710656,""228"":0,""229"":0,""230"":0,""231"":0}",0.143,1879353494011949057,0.0,0.0,0.0
1764211213000,2025-11-27 10:40:13.000,104.21499,35.931606,104.20838833445588,35.92585864891449,104.205729,35.92607,0.0,0.0,14783.7,1.0,1,612042023200085,"{""1"":147837,""3"":0,""37"":0,""48"":80,""49"":30,""224"":""AC8="",""225"":147837,""226"":0,""227"":281474976710656,""228"":0,""229"":0,""230"":0,""231"":0}",0.0,1879358279721201665,18.04173318299407,0.0,0.0
1764211213000,2025-11-27 10:40:13.000,104.214792,35.93202,104.20819164238392,35.926270038082826,104.205513,35.926488,0.0,0.0,17726.1,1.0,1,612042023200080,"{""1"":177261,""3"":0,""37"":0,""48"":80,""49"":34,""224"":""AC8="",""225"":177261,""226"":0,""227"":281474976710656,""228"":0,""229"":0,""230"":0,""231"":0}",0.0,1879364340897329154,25.238515053818254,0.0,0.0
1764211214000,2025-11-27 10:40:14.000,104.21491,35.931756,104.20830945692995,35.9260078009324,104.205621,35.926233,0.0,339.0,17735.8,1.0,1,612042023200066,"{""1"":177358,""3"":0,""37"":16,""48"":80,""49"":33,""224"":""AC8="",""225"":177358,""226"":0,""227"":282574488338432,""228"":0,""229"":1639,""230"":0,""231"":0}",0.0,1879347316192227330,31.029180144247984,0.0,0.0
1764211214000,2025-11-27 10:40:14.000,104.214667,35.932224,104.20806683522328,35.926473271066094,104.205405,35.926683,0.0,0.0,20212.8,1.0,1,612042023200098,"{""1"":202128,""3"":0,""37"":0,""48"":80,""49"":20,""224"":""AC8="",""225"":202128,""226"":0,""227"":281474976710656,""228"":0,""229"":0,""230"":0,""231"":0}",0.0,1879353494011949057,0.0,0.0,0.0
1764211214000,2025-11-27 10:40:14.000,104.21499,35.931606,104.20838833445588,35.92585864891449,104.205729,35.92607,0.0,0.0,14783.7,1.0,1,612042023200085,"{""1"":147837,""3"":0,""37"":0,""48"":80,""49"":29,""224"":""AC8="",""225"":147837,""226"":0,""227"":281474976710656,""228"":0,""229"":0,""230"":0,""231"":0}",0.0,1879358279721201665,18.04173318299407,0.0,0.0
1764211214000,2025-11-27 10:40:14.000,104.214792,35.93202,104.20819164238392,35.926270038082826,104.205513,35.926488,0.0,0.0,17726.1,1.0,1,612042023200080,"{""1"":177261,""3"":0,""37"":0,""48"":80,""49"":34,""224"":""AC8="",""225"":177261,""226"":0,""227"":281474976710656,""228"":0,""229"":0,""230"":0,""231"":0}",0.0,1879364340897329154,25.238515053818254,0.0,0.0
1764211215000,2025-11-27 10:40:15.000,104.21491,35.931756,104.20830945692995,35.9260078009324,104.205621,35.926233,0.0,339.0,17735.8,1.0,1,612042023200066,"{""1"":177358,""3"":0,""37"":16,""48"":80,""49"":33,""224"":""AC8="",""225"":177358,""226"":0,""227"":282574488338432,""228"":0,""229"":1639,""230"":0,""231"":0}",0.0,1879347316192227330,31.029180144247984,0.0,0.0
1764211215000,2025-11-27 10:40:15.000,104.214664,35.932224,104.20806383959048,35.92647327544875,104.205404,35.926683,1.0,0.0,20212.8,1.0,1,612042023200098,"{""1"":202128,""3"":0,""37"":0,""48"":80,""49"":21,""224"":""AC8="",""225"":202128,""226"":0,""227"":281474976710656,""228"":0,""229"":0,""230"":0,""231"":0}",0.27,1879353494011949057,0.0,0.0,0.0
1764211215000,2025-11-27 10:40:15.000,104.21499,35.931606,104.20838833445588,35.92585864891449,104.205729,35.92607,0.0,0.0,14783.7,1.0,1,612042023200085,"{""1"":147837,""3"":0,""37"":0,""48"":80,""49"":29,""224"":""AC8="",""225"":147837,""226"":0,""227"":281474976710656,""228"":0,""229"":0,""230"":0,""231"":0}",0.0,1879358279721201665,18.04173318299407,0.0,0.0
1764211215000,2025-11-27 10:40:15.000,104.214792,35.93202,104.20819164238392,35.926270038082826,104.205513,35.926488,0.0,0.0,17726.1,1.0,1,612042023200080,"{""1"":177261,""3"":0,""37"":0,""48"":80,""49"":35,""224"":""AC8="",""225"":177261,""226"":0,""227"":281474976710656,""228"":0,""229"":0,""230"":0,""231"":0}",0.0,1879364340897329154,25.360203953157836,0.0,0.0
1764211216000,2025-11-27 10:40:16.000,104.21491,35.931756,104.20830945692995,35.9260078009324,104.205621,35.926233,0.0,339.0,17735.8,1.0,1,612042023200066,"{""1"":177358,""3"":0,""37"":16,""48"":80,""49"":34,""224"":""AC8="",""225"":177358,""226"":0,""227"":282574488338432,""228"":0,""229"":1639,""230"":0,""231"":0}",0.0,1879347316192227330,31.029180144247984,0.0,0.0
1764211216000,2025-11-27 10:40:16.000,104.214664,35.932222,104.20806383948094,35.92647127495069,104.205404,35.926681,1.0,0.0,20212.8,1.0,1,612042023200098,"{""1"":202128,""3"":0,""37"":0,""48"":80,""49"":21,""224"":""AC8="",""225"":202128,""226"":0,""227"":281474976710656,""228"":0,""229"":0,""230"":0,""231"":0}",0.222,1879353494011949057,0.0,0.0,0.0
1764211216000,2025-11-27 10:40:16.000,104.21499,35.931606,104.20838833445588,35.92585864891449,104.205729,35.92607,0.0,0.0,14783.7,1.0,1,612042023200085,"{""1"":147837,""3"":0,""37"":0,""48"":80,""49"":30,""224"":""AC8="",""225"":147837,""226"":0,""227"":281474976710656,""228"":0,""229"":0,""230"":0,""231"":0}",0.0,1879358279721201665,18.04173318299407,0.0,0.0
1764211216000,2025-11-27 10:40:16.000,104.214792,35.93202,104.20819164238392,35.926270038082826,104.205513,35.926487,0.0,0.0,17726.1,1.0,1,612042023200080,"{""1"":177261,""3"":0,""37"":0,""48"":80,""49"":34,""224"":""AC8="",""225"":177261,""226"":0,""227"":281474976710656,""228"":0,""229"":0,""230"":0,""231"":0}",0.0,1879364340897329154,25.16218577706578,0.0,0.0
1764211217000,2025-11-27 10:40:17.000,104.21491,35.931756,104.20830945692995,35.9260078009324,104.205621,35.926233,0.0,339.0,17735.8,1.0,1,612042023200066,"{""1"":177358,""3"":0,""37"":16,""48"":80,""49"":34,""224"":""AC8="",""225"":177358,""226"":0,""227"":282574488338432,""228"":0,""229"":1639,""230"":0,""231"":0}",0.0,1879347316192227330,31.029180144247984,0.0,0.0
1764211217000,2025-11-27 10:40:17.000,104.214664,35.932221,104.20806383942616,35.92647027470166,104.205404,35.92668,1.0,0.0,20212.8,1.0,1,612042023200098,"{""1"":202128,""3"":0,""37"":0,""48"":80,""49"":21,""224"":""AC8="",""225"":202128,""226"":0,""227"":281474976710656,""228"":0,""229"":0,""230"":0,""231"":0}",0.111,1879353494011949057,0.0,0.0,0.0
1764211217000,2025-11-27 10:40:17.000,104.21499,35.931606,104.20838833445588,35.92585864891449,104.205729,35.92607,0.0,0.0,14783.7,1.0,1,612042023200085,"{""1"":147837,""3"":0,""37"":0,""48"":80,""49"":30,""224"":""AC8="",""225"":147837,""226"":0,""227"":281474976710656,""228"":0,""229"":0,""230"":0,""231"":0}",0.0,1879358279721201665,18.04173318299407,0.0,0.0
1764211217000,2025-11-27 10:40:17.000,104.214792,35.93202,104.20819164238392,35.926270038082826,104.205513,35.926487,0.0,0.0,17726.1,1.0,1,612042023200080,"{""1"":177261,""3"":0,""37"":0,""48"":80,""49"":34,""224"":""AC8="",""225"":177261,""226"":0,""227"":281474976710656,""228"":0,""229"":0,""230"":0,""231"":0}",0.0,1879364340897329154,25.063330360362137,0.0,0.0
1764211218000,2025-11-27 10:40:18.000,104.21491,35.931756,104.20830945692995,35.9260078009324,104.205621,35.926232,0.0,339.0,17735.8,1.0,1,612042023200066,"{""1"":177358,""3"":0,""37"":16,""48"":80,""49"":34,""224"":""AC8="",""225"":177358,""226"":0,""227"":282574488338432,""228"":0,""229"":1639,""230"":0,""231"":0}",0.0,1879347316192227330,31.029180144247984,0.0,0.0
1764211218000,2025-11-27 10:40:18.000,104.214664,35.932221,104.20806383942616,35.92647027470166,104.205404,35.92668,1.0,0.0,20212.8,1.0,1,612042023200098,"{""1"":202128,""3"":0,""37"":0,""48"":80,""49"":21,""224"":""AC8="",""225"":202128,""226"":0,""227"":281474976710656,""228"":0,""229"":0,""230"":0,""231"":0}",0.0,1879353494011949057,0.0,0.0,0.0
1764211218000,2025-11-27 10:40:18.000,104.21499,35.931606,104.20838833445588,35.92585864891449,104.205729,35.92607,0.0,0.0,14783.7,1.0,1,612042023200085,"{""1"":147837,""3"":0,""37"":0,""48"":80,""49"":29,""224"":""AC8="",""225"":147837,""226"":0,""227"":281474976710656,""228"":0,""229"":0,""230"":0,""231"":0}",0.0,1879358279721201665,18.04173318299407,0.0,0.0
1764211218000,2025-11-27 10:40:18.000,104.214792,35.93202,104.20819164238392,35.926270038082826,104.205513,35.926487,0.0,0.0,17726.1,1.0,1,612042023200080,"{""1"":177261,""3"":0,""37"":0,""48"":80,""49"":34,""224"":""AC8="",""225"":177261,""226"":0,""227"":281474976710656,""228"":0,""229"":0,""230"":0,""231"":0}",0.0,1879364340897329154,25.063330360362137,0.0,0.0
1764211219000,2025-11-27 10:40:19.000,104.21491,35.931756,104.20830945692995,35.9260078009324,104.205621,35.926232,0.0,339.0,17735.8,1.0,1,612042023200066,"{""1"":177358,""3"":0,""37"":16,""48"":80,""49"":34,""224"":""AC8="",""225"":177358,""226"":0,""227"":282574488338432,""228"":0,""229"":1639,""230"":0,""231"":0}",0.0,1879347316192227330,31.029180144247984,0.0,0.0
1764211219000,2025-11-27 10:40:19.000,104.214665,35.932222,104.20806483802518,35.92647127348978,104.205405,35.926681,1.0,0.0,20212.8,1.0,1,612042023200098,"{""1"":202128,""3"":0,""37"":0,""48"":80,""49"":20,""224"":""AC8="",""225"":202128,""226"":0,""227"":281474976710656,""228"":0,""229"":0,""230"":0,""231"":0}",0.143,1879353494011949057,0.0,0.0,0.0
1764211219000,2025-11-27 10:40:19.000,104.21499,35.931606,104.20838833445588,35.92585864891449,104.205729,35.92607,0.0,0.0,14783.7,1.0,1,612042023200085,"{""1"":147837,""3"":0,""37"":0,""48"":80,""49"":30,""224"":""AC8="",""225"":147837,""226"":0,""227"":281474976710656,""228"":0,""229"":0,""230"":0,""231"":0}",0.0,1879358279721201665,18.04173318299407,0.0,0.0
1764211219000,2025-11-27 10:40:19.000,104.214792,35.93202,104.20819164238392,35.926270038082826,104.205512,35.926487,0.0,0.0,17726.1,1.0,1,612042023200080,"{""1"":177261,""3"":0,""37"":0,""48"":80,""49"":34,""224"":""AC8="",""225"":177261,""226"":0,""227"":281474976710656,""228"":0,""229"":0,""230"":0,""231"":0}",0.0,1879364340897329154,25.12104816941481,0.0,0.0
1764211220000,2025-11-27 10:40:20.000,104.21491,35.931756,104.20830945692995,35.9260078009324,104.205621,35.926232,0.0,339.0,17735.8,1.0,1,612042023200066,"{""1"":177358,""3"":0,""37"":16,""48"":80,""49"":34,""224"":""AC8="",""225"":177358,""226"":0,""227"":282574488338432,""228"":0,""229"":1639,""230"":0,""231"":0}",0.0,1879347316192227330,31.029180144247984,0.0,0.0
1764211220000,2025-11-27 10:40:20.000,104.214667,35.932223,104.20806683516852,35.92647227081706,104.205407,35.926682,1.0,0.0,20212.8,1.0,1,612042023200098,"{""1"":202128,""3"":0,""37"":0,""48"":80,""49"":21,""224"":""AC8="",""225"":202128,""226"":0,""227"":281474976710656,""228"":0,""229"":0,""230"":0,""231"":0}",0.211,1879353494011949057,0.0,0.0,0.0
1764211220000,2025-11-27 10:40:20.000,104.21499,35.931606,104.20838833445588,35.92585864891449,104.205729,35.92607,0.0,0.0,14783.7,1.0,1,612042023200085,"{""1"":147837,""3"":0,""37"":0,""48"":80,""49"":29,""224"":""AC8="",""225"":147837,""226"":0,""227"":281474976710656,""228"":0,""229"":0,""230"":0,""231"":0}",0.0,1879358279721201665,18.04173318299407,0.0,0.0
1764211220000,2025-11-27 10:40:20.000,104.214792,35.93202,104.20819164238392,35.926270038082826,104.205512,35.926487,0.0,0.0,17726.1,1.0,1,612042023200080,"{""1"":177261,""3"":0,""37"":0,""48"":80,""49"":34,""224"":""AC8="",""225"":177261,""226"":0,""227"":281474976710656,""228"":0,""229"":0,""230"":0,""231"":0}",0.0,1879364340897329154,25.138977734184525,0.0,0.0
1764211221000,2025-11-27 10:40:21.000,104.21491,35.931756,104.20830945692995,35.9260078009324,104.20562,35.926232,0.0,339.0,17735.8,1.0,1,612042023200066,"{""1"":177358,""3"":0,""37"":16,""48"":80,""49"":34,""224"":""AC8="",""225"":177358,""226"":0,""227"":282574488338432,""228"":0,""229"":1639,""230"":0,""231"":0}",0.0,1879347316192227330,31.029180144247984,0.0,0.0
1764211221000,2025-11-27 10:40:21.000,104.214667,35.932223,104.20806683516852,35.92647227081706,104.205407,35.926682,1.0,0.0,20212.8,1.0,1,612042023200098,"{""1"":202128,""3"":0,""37"":0,""48"":80,""49"":20,""224"":""AC8="",""225"":202128,""226"":0,""227"":281474976710656,""228"":0,""229"":0,""230"":0,""231"":0}",0.0,1879353494011949057,0.0,0.0,0.0
1764211221000,2025-11-27 10:40:21.000,104.21499,35.931606,104.20838833445588,35.92585864891449,104.205729,35.92607,0.0,0.0,14783.7,1.0,1,612042023200085,"{""1"":147837,""3"":0,""37"":0,""48"":80,""49"":30,""224"":""AC8="",""225"":147837,""226"":0,""227"":281474976710656,""228"":0,""229"":0,""230"":0,""231"":0}",0.0,1879358279721201665,18.04173318299407,0.0,0.0
1764211221000,2025-11-27 10:40:21.000,104.214792,35.93202,104.20819164238392,35.926270038082826,104.205512,35.926487,0.0,0.0,17726.1,1.0,1,612042023200080,"{""1"":177261,""3"":0,""37"":0,""48"":80,""49"":34,""224"":""AC8="",""225"":177261,""226"":0,""227"":281474976710656,""228"":0,""229"":0,""230"":0,""231"":0}",0.0,1879364340897329154,25.138977734184525,0.0,0.0
1764211222000,2025-11-27 10:40:22.000,104.21491,35.931756,104.20830945692995,35.9260078009324,104.20562,35.926232,0.0,339.0,17735.8,1.0,1,612042023200066,"{""1"":177358,""3"":0,""37"":16,""48"":80,""49"":34,""224"":""AC8="",""225"":177358,""226"":0,""227"":282574488338432,""228"":0,""229"":1639,""230"":0,""231"":0}",0.0,1879347316192227330,31.029180144247984,0.0,0.0
1764211222000,2025-11-27 10:40:22.000,104.214667,35.932222,104.20806683511375,35.92647127056803,104.205407,35.926681,1.0,0.0,20212.8,1.0,1,612042023200098,"{""1"":202128,""3"":0,""37"":0,""48"":80,""49"":20,""224"":""AC8="",""225"":202128,""226"":0,""227"":281474976710656,""228"":0,""229"":0,""230"":0,""231"":0}",0.111,1879353494011949057,0.0,0.0,0.0
1764211222000,2025-11-27 10:40:22.000,104.21499,35.931606,104.20838833445588,35.92585864891449,104.205728,35.92607,0.0,0.0,14783.7,1.0,1,612042023200085,"{""1"":147837,""3"":0,""37"":0,""48"":80,""49"":30,""224"":""AC8="",""225"":147837,""226"":0,""227"":281474976710656,""228"":0,""229"":0,""230"":0,""231"":0}",0.0,1879358279721201665,18.04173318299407,0.0,0.0
1764211222000,2025-11-27 10:40:22.000,104.214792,35.93202,104.20819164238392,35.926270038082826,104.205512,35.926487,0.0,0.0,17726.1,1.0,1,612042023200080,"{""1"":177261,""3"":0,""37"":0,""48"":80,""49"":34,""224"":""AC8="",""225"":177261,""226"":0,""227"":281474976710656,""228"":0,""229"":0,""230"":0,""231"":0}",0.0,1879364340897329154,25.0395387721815,0.0,0.0
1764211223000,2025-11-27 10:40:23.000,104.21491,35.931756,104.20830945692995,35.9260078009324,104.20562,35.926232,0.0,339.0,17735.8,1.0,1,612042023200066,"{""1"":177358,""3"":0,""37"":16,""48"":80,""49"":34,""224"":""AC8="",""225"":177358,""226"":0,""227"":282574488338432,""228"":0,""229"":1639,""230"":0,""231"":0}",0.0,1879347316192227330,31.029180144247984,0.0,0.0
1764211223000,2025-11-27 10:40:23.000,104.214668,35.932223,104.20806783371286,35.92647226935622,104.205408,35.926682,1.0,0.0,20212.8,1.0,1,612042023200098,"{""1"":202128,""3"":0,""37"":0,""48"":80,""49"":20,""224"":""AC8="",""225"":202128,""226"":0,""227"":281474976710656,""228"":0,""229"":0,""230"":0,""231"":0}",0.143,1879353494011949057,0.0,0.0,0.0
1764211223000,2025-11-27 10:40:23.000,104.21499,35.931606,104.20838833445588,35.92585864891449,104.205728,35.92607,0.0,0.0,14783.7,1.0,1,612042023200085,"{""1"":147837,""3"":0,""37"":0,""48"":80,""49"":30,""224"":""AC8="",""225"":147837,""226"":0,""227"":281474976710656,""228"":0,""229"":0,""230"":0,""231"":0}",0.0,1879358279721201665,18.04173318299407,0.0,0.0
1764211223000,2025-11-27 10:40:23.000,104.214792,35.93202,104.20819164238392,35.926270038082826,104.205512,35.926487,0.0,0.0,17726.1,1.0,1,612042023200080,"{""1"":177261,""3"":0,""37"":0,""48"":80,""49"":34,""224"":""AC8="",""225"":177261,""226"":0,""227"":281474976710656,""228"":0,""229"":0,""230"":0,""231"":0}",0.0,1879364340897329154,25.098767679803903,0.0,0.0
1764211224000,2025-11-27 10:40:24.000,104.21491,35.931756,104.20830945692995,35.9260078009324,104.20562,35.926232,0.0,339.0,17735.8,1.0,1,612042023200066,"{""1"":177358,""3"":0,""37"":16,""48"":80,""49"":34,""224"":""AC8="",""225"":177358,""226"":0,""227"":282574488338432,""228"":0,""229"":1639,""230"":0,""231"":0}",0.0,1879347316192227330,31.029180144247984,0.0,0.0
1764211224000,2025-11-27 10:40:24.000,104.214668,35.932223,104.20806783371286,35.92647226935622,104.205407,35.926682,0.0,0.0,20212.8,1.0,1,612042023200098,"{""1"":202128,""3"":0,""37"":0,""48"":80,""49"":21,""224"":""AC8="",""225"":202128,""226"":0,""227"":281474976710656,""228"":0,""229"":0,""230"":0,""231"":0}",0.0,1879353494011949057,0.0,0.0,0.0
1764211224000,2025-11-27 10:40:24.000,104.21499,35.931606,104.20838833445588,35.92585864891449,104.205728,35.92607,0.0,0.0,14783.7,1.0,1,612042023200085,"{""1"":147837,""3"":0,""37"":0,""48"":80,""49"":30,""224"":""AC8="",""225"":147837,""226"":0,""227"":281474976710656,""228"":0,""229"":0,""230"":0,""231"":0}",0.0,1879358279721201665,18.04173318299407,0.0,0.0
1764211224000,2025-11-27 10:40:24.000,104.214792,35.93202,104.20819164238392,35.926270038082826,104.205512,35.926487,0.0,0.0,17726.1,1.0,1,612042023200080,"{""1"":177261,""3"":0,""37"":0,""48"":80,""49"":34,""224"":""AC8="",""225"":177261,""226"":0,""227"":281474976710656,""228"":0,""229"":0,""230"":0,""231"":0}",0.0,1879364340897329154,25.098767679803903,0.0,0.0
1764211225000,2025-11-27 10:40:25.000,104.21491,35.931756,104.20830945692995,35.9260078009324,104.20562,35.926231,0.0,339.0,17735.8,1.0,1,612042023200066,"{""1"":177358,""3"":0,""37"":16,""48"":80,""49"":34,""224"":""AC8="",""225"":177358,""226"":0,""227"":282574488338432,""228"":0,""229"":1639,""230"":0,""231"":0}",0.0,1879347316192227330,31.029180144247984,0.0,0.0
1764211225000,2025-11-27 10:40:25.000,104.214667,35.932224,104.20806683522328,35.926473271066094,104.205407,35.926683,1.0,0.0,20212.8,1.0,1,612042023200098,"{""1"":202128,""3"":0,""37"":0,""48"":80,""49"":21,""224"":""AC8="",""225"":202128,""226"":0,""227"":281474976710656,""228"":0,""229"":0,""230"":0,""231"":0}",0.143,1879353494011949057,0.0,0.0,0.0
1764211225000,2025-11-27 10:40:25.000,104.21499,35.931606,104.20838833445588,35.92585864891449,104.205728,35.92607,0.0,0.0,14783.7,1.0,1,612042023200085,"{""1"":147837,""3"":0,""37"":0,""48"":80,""49"":30,""224"":""AC8="",""225"":147837,""226"":0,""227"":281474976710656,""228"":0,""229"":0,""230"":0,""231"":0}",0.0,1879358279721201665,18.04173318299407,0.0,0.0
1764211225000,2025-11-27 10:40:25.000,104.214792,35.93202,104.20819164238392,35.926270038082826,104.205512,35.926487,0.0,0.0,17726.1,1.0,1,612042023200080,"{""1"":177261,""3"":0,""37"":0,""48"":80,""49"":34,""224"":""AC8="",""225"":177261,""226"":0,""227"":281474976710656,""228"":0,""229"":0,""230"":0,""231"":0}",0.0,1879364340897329154,25.238515053818254,0.0,0.0
1764211226000,2025-11-27 10:40:26.000,104.21491,35.931756,104.20830945692995,35.9260078009324,104.20562,35.926231,0.0,339.0,17735.8,1.0,1,612042023200066,"{""1"":177358,""3"":0,""37"":16,""48"":80,""49"":34,""224"":""AC8="",""225"":177358,""226"":0,""227"":282574488338432,""228"":0,""229"":1639,""230"":0,""231"":0}",0.0,1879347316192227330,31.029180144247984,0.0,0.0
1764211226000,2025-11-27 10:40:26.000,104.214669,35.932223,104.20806883225724,35.926472267895406,104.205409,35.926682,1.0,0.0,20212.8,1.0,1,612042023200098,"{""1"":202128,""3"":0,""37"":0,""48"":80,""49"":20,""224"":""AC8="",""225"":202128,""226"":0,""227"":281474976710656,""228"":0,""229"":0,""230"":0,""231"":0}",0.212,1879353494011949057,0.0,0.0,0.0
1764211226000,2025-11-27 10:40:26.000,104.21499,35.931606,104.20838833445588,35.92585864891449,104.205728,35.92607,0.0,0.0,14783.7,1.0,1,612042023200085,"{""1"":147837,""3"":0,""37"":0,""48"":80,""49"":30,""224"":""AC8="",""225"":147837,""226"":0,""227"":281474976710656,""228"":0,""229"":0,""230"":0,""231"":0}",0.0,1879358279721201665,18.04173318299407,0.0,0.0
1764211226000,2025-11-27 10:40:26.000,104.214792,35.93202,104.20819164238392,35.926270038082826,104.205512,35.926487,0.0,0.0,17726.1,1.0,1,612042023200080,"{""1"":177261,""3"":0,""37"":0,""48"":80,""49"":34,""224"":""AC8="",""225"":177261,""226"":0,""227"":281474976710656,""228"":0,""229"":0,""230"":0,""231"":0}",0.0,1879364340897329154,25.058815710445216,0.0,0.0
1764211227000,2025-11-27 10:40:27.000,104.21491,35.931756,104.20830945692995,35.9260078009324,104.20562,35.926231,0.0,339.0,17735.8,1.0,1,612042023200066,"{""1"":177358,""3"":0,""37"":16,""48"":80,""49"":34,""224"":""AC8="",""225"":177358,""226"":0,""227"":282574488338432,""228"":0,""229"":1639,""230"":0,""231"":0}",0.0,1879347316192227330,31.029180144247984,0.0,0.0
1764211227000,2025-11-27 10:40:27.000,104.214669,35.932223,104.20806883225724,35.926472267895406,104.205409,35.926682,0.0,0.0,20212.8,1.0,1,612042023200098,"{""1"":202128,""3"":0,""37"":0,""48"":80,""49"":21,""224"":""AC8="",""225"":202128,""226"":0,""227"":281474976710656,""228"":0,""229"":0,""230"":0,""231"":0}",0.0,1879353494011949057,0.0,0.0,0.0
1764211227000,2025-11-27 10:40:27.000,104.21499,35.931606,104.20838833445588,35.92585864891449,104.205728,35.92607,0.0,0.0,14783.7,1.0,1,612042023200085,"{""1"":147837,""3"":0,""37"":0,""48"":80,""49"":29,""224"":""AC8="",""225"":147837,""226"":0,""227"":281474976710656,""228"":0,""229"":0,""230"":0,""231"":0}",0.0,1879358279721201665,18.04173318299407,0.0,0.0
1764211227000,2025-11-27 10:40:27.000,104.214792,35.93202,104.20819164238392,35.926270038082826,104.205512,35.926487,0.0,0.0,17726.1,1.0,1,612042023200080,"{""1"":177261,""3"":0,""37"":0,""48"":80,""49"":34,""224"":""AC8="",""225"":177261,""226"":0,""227"":281474976710656,""228"":0,""229"":0,""230"":0,""231"":0}",0.0,1879364340897329154,25.058815710445216,0.0,0.0
1764211228000,2025-11-27 10:40:28.000,104.21491,35.931756,104.20830945692995,35.9260078009324,104.20562,35.926231,0.0,339.0,17735.8,1.0,1,612042023200066,"{""1"":177358,""3"":0,""37"":16,""48"":80,""49"":34,""224"":""AC8="",""225"":177358,""226"":0,""227"":282574488338432,""228"":0,""229"":1639,""230"":0,""231"":0}",0.0,1879347316192227330,31.029180144247984,0.0,0.0
1764211228000,2025-11-27 10:40:28.000,104.214669,35.932223,104.20806883225724,35.926472267895406,104.205409,35.926683,0.0,0.0,20212.8,1.0,1,612042023200098,"{""1"":202128,""3"":0,""37"":0,""48"":80,""49"":21,""224"":""AC8="",""225"":202128,""226"":0,""227"":281474976710656,""228"":0,""229"":0,""230"":0,""231"":0}",0.0,1879353494011949057,0.0,0.0,0.0
1764211228000,2025-11-27 10:40:28.000,104.21499,35.931606,104.20838833445588,35.92585864891449,104.205728,35.92607,0.0,0.0,14783.7,1.0,1,612042023200085,"{""1"":147837,""3"":0,""37"":0,""48"":80,""49"":29,""224"":""AC8="",""225"":147837,""226"":0,""227"":281474976710656,""228"":0,""229"":0,""230"":0,""231"":0}",0.0,1879358279721201665,18.04173318299407,0.0,0.0
1764211228000,2025-11-27 10:40:28.000,104.214792,35.93202,104.20819164238392,35.926270038082826,104.205512,35.926487,0.0,0.0,17726.1,1.0,1,612042023200080,"{""1"":177261,""3"":0,""37"":0,""48"":80,""49"":35,""224"":""AC8="",""225"":177261,""226"":0,""227"":281474976710656,""228"":0,""229"":0,""230"":0,""231"":0}",0.0,1879364340897329154,25.058815710445216,0.0,0.0
1764211229000,2025-11-27 10:40:29.000,104.21491,35.931756,104.20830945692995,35.9260078009324,104.205619,35.926231,0.0,339.0,17735.8,1.0,1,612042023200066,"{""1"":177358,""3"":0,""37"":16,""48"":80,""49"":34,""224"":""AC8="",""225"":177358,""226"":0,""227"":282574488338432,""228"":0,""229"":1639,""230"":0,""231"":0}",0.0,1879347316192227330,31.029180144247984,0.0,0.0
1764211229000,2025-11-27 10:40:29.000,104.214668,35.932223,104.20806783371286,35.92647226935622,104.205408,35.926682,1.0,0.0,20212.8,1.0,1,612042023200098,"{""1"":202128,""3"":0,""37"":0,""48"":80,""49"":20,""224"":""AC8="",""225"":202128,""226"":0,""227"":281474976710656,""228"":0,""229"":0,""230"":0,""231"":0}",0.09,1879353494011949057,0.0,0.0,0.0
1764211229000,2025-11-27 10:40:29.000,104.21499,35.931606,104.20838833445588,35.92585864891449,104.205728,35.92607,0.0,0.0,14783.7,1.0,1,612042023200085,"{""1"":147837,""3"":0,""37"":0,""48"":80,""49"":29,""224"":""AC8="",""225"":147837,""226"":0,""227"":281474976710656,""228"":0,""229"":0,""230"":0,""231"":0}",0.0,1879358279721201665,18.04173318299407,0.0,0.0
1764211229000,2025-11-27 10:40:29.000,104.214792,35.93202,104.20819164238392,35.926270038082826,104.205512,35.926487,0.0,0.0,17726.1,1.0,1,612042023200080,"{""1"":177261,""3"":0,""37"":0,""48"":80,""49"":35,""224"":""AC8="",""225"":177261,""226"":0,""227"":281474976710656,""228"":0,""229"":0,""230"":0,""231"":0}",0.0,1879364340897329154,25.098767679803903,0.0,0.0
1764211230000,2025-11-27 10:40:30.000,104.21491,35.931756,104.20830945692995,35.9260078009324,104.205619,35.926231,0.0,339.0,17735.8,1.0,1,612042023200066,"{""1"":177358,""3"":0,""37"":16,""48"":80,""49"":34,""224"":""AC8="",""225"":177358,""226"":0,""227"":282574488338432,""228"":0,""229"":1639,""230"":0,""231"":0}",0.0,1879347316192227330,31.029180144247984,0.0,0.0
1764211230000,2025-11-27 10:40:30.000,104.214667,35.932223,104.20806683516852,35.92647227081706,104.205407,35.926682,1.0,0.0,20212.8,1.0,1,612042023200098,"{""1"":202128,""3"":0,""37"":0,""48"":80,""49"":21,""224"":""AC8="",""225"":202128,""226"":0,""227"":281474976710656,""228"":0,""229"":0,""230"":0,""231"":0}",0.09,1879353494011949057,0.0,0.0,0.0
1764211230000,2025-11-27 10:40:30.000,104.21499,35.931606,104.20838833445588,35.92585864891449,104.205728,35.92607,0.0,0.0,14783.7,1.0,1,612042023200085,"{""1"":147837,""3"":0,""37"":0,""48"":80,""49"":28,""224"":""AC8="",""225"":147837,""226"":0,""227"":281474976710656,""228"":0,""229"":0,""230"":0,""231"":0}",0.0,1879358279721201665,18.04173318299407,0.0,0.0
1764211230000,2025-11-27 10:40:30.000,104.214792,35.93202,104.20819164238392,35.926270038082826,104.205512,35.926487,0.0,0.0,17726.1,1.0,1,612042023200080,"{""1"":177261,""3"":0,""37"":0,""48"":80,""49"":35,""224"":""AC8="",""225"":177261,""226"":0,""227"":281474976710656,""228"":0,""229"":0,""230"":0,""231"":0}",0.0,1879364340897329154,25.138977734184525,0.0,0.0
1764211231000,2025-11-27 10:40:31.000,104.21491,35.931756,104.20830945692995,35.9260078009324,104.205619,35.92623,0.0,339.0,17735.8,1.0,1,612042023200066,"{""1"":177358,""3"":0,""37"":16,""48"":80,""49"":34,""224"":""AC8="",""225"":177358,""226"":0,""227"":282574488338432,""228"":0,""229"":1639,""230"":0,""231"":0}",0.0,1879347316192227330,31.029180144247984,0.0,0.0
1764211231000,2025-11-27 10:40:31.000,104.214668,35.932222,104.20806783365808,35.92647126910719,104.205408,35.926681,1.0,0.0,20212.8,1.0,1,612042023200098,"{""1"":202128,""3"":0,""37"":0,""48"":80,""49"":21,""224"":""AC8="",""225"":202128,""226"":0,""227"":281474976710656,""228"":0,""229"":0,""230"":0,""231"":0}",0.143,1879353494011949057,0.0,0.0,0.0
1764211231000,2025-11-27 10:40:31.000,104.21499,35.931606,104.20838833445588,35.92585864891449,104.205728,35.92607,0.0,0.0,14783.7,1.0,1,612042023200085,"{""1"":147837,""3"":0,""37"":0,""48"":80,""49"":28,""224"":""AC8="",""225"":147837,""226"":0,""227"":281474976710656,""228"":0,""229"":0,""230"":0,""231"":0}",0.0,1879358279721201665,18.04173318299407,0.0,0.0
1764211231000,2025-11-27 10:40:31.000,104.214792,35.93202,104.20819164238392,35.926270038082826,104.205512,35.926486,0.0,0.0,17726.1,1.0,1,612042023200080,"{""1"":177261,""3"":0,""37"":0,""48"":80,""49"":35,""224"":""AC8="",""225"":177261,""226"":0,""227"":281474976710656,""228"":0,""229"":0,""230"":0,""231"":0}",0.0,1879364340897329154,24.999169480171993,0.0,0.0
1764211232000,2025-11-27 10:40:32.000,104.21491,35.931756,104.20830945692995,35.9260078009324,104.205619,35.92623,0.0,339.0,17735.8,1.0,1,612042023200066,"{""1"":177358,""3"":0,""37"":16,""48"":80,""49"":34,""224"":""AC8="",""225"":177358,""226"":0,""227"":282574488338432,""228"":0,""229"":1639,""230"":0,""231"":0}",0.0,1879347316192227330,31.029180144247984,0.0,0.0
1764211232000,2025-11-27 10:40:32.000,104.214669,35.932223,104.20806883225724,35.926472267895406,104.205409,35.926682,1.0,0.0,20212.8,1.0,1,612042023200098,"{""1"":202128,""3"":0,""37"":0,""48"":80,""49"":21,""224"":""AC8="",""225"":202128,""226"":0,""227"":281474976710656,""228"":0,""229"":0,""230"":0,""231"":0}",0.143,1879353494011949057,0.0,0.0,0.0
1764211232000,2025-11-27 10:40:32.000,104.21499,35.931606,104.20838833445588,35.92585864891449,104.205728,35.92607,0.0,0.0,14783.7,1.0,1,612042023200085,"{""1"":147837,""3"":0,""37"":0,""48"":80,""49"":29,""224"":""AC8="",""225"":147837,""226"":0,""227"":281474976710656,""228"":0,""229"":0,""230"":0,""231"":0}",0.0,1879358279721201665,18.04173318299407,0.0,0.0
1764211232000,2025-11-27 10:40:32.000,104.214792,35.93202,104.20819164238392,35.926270038082826,104.205512,35.926486,0.0,0.0,17726.1,1.0,1,612042023200080,"{""1"":177261,""3"":0,""37"":0,""48"":80,""49"":35,""224"":""AC8="",""225"":177261,""226"":0,""227"":281474976710656,""228"":0,""229"":0,""230"":0,""231"":0}",0.0,1879364340897329154,25.058815710445216,0.0,0.0
1764211233000,2025-11-27 10:40:33.000,104.21491,35.931756,104.20830945692995,35.9260078009324,104.205619,35.92623,0.0,339.0,17735.8,1.0,1,612042023200066,"{""1"":177358,""3"":0,""37"":16,""48"":80,""49"":33,""224"":""AC8="",""225"":177358,""226"":0,""227"":282574488338432,""228"":0,""229"":1639,""230"":0,""231"":0}",0.0,1879347316192227330,31.029180144247984,0.0,0.0
1764211233000,2025-11-27 10:40:33.000,104.214671,35.932224,104.2080708294008,35.926473265222874,104.205411,35.926683,1.0,0.0,20212.8,1.0,1,612042023200098,"{""1"":202128,""3"":0,""37"":0,""48"":80,""49"":20,""224"":""AC8="",""225"":202128,""226"":0,""227"":281474976710656,""228"":0,""229"":0,""230"":0,""231"":0}",0.211,1879353494011949057,0.0,0.0,0.0
1764211233000,2025-11-27 10:40:33.000,104.21499,35.931606,104.20838833445588,35.92585864891449,104.205729,35.92607,0.0,0.0,14783.7,1.0,1,612042023200085,"{""1"":147837,""3"":0,""37"":0,""48"":80,""49"":30,""224"":""AC8="",""225"":147837,""226"":0,""227"":281474976710656,""228"":0,""229"":0,""230"":0,""231"":0}",0.0,1879358279721201665,18.04173318299407,0.0,0.0
1764211233000,2025-11-27 10:40:33.000,104.214792,35.93202,104.20819164238392,35.926270038082826,104.205512,35.926486,0.0,0.0,17726.1,1.0,1,612042023200080,"{""1"":177261,""3"":0,""37"":0,""48"":80,""49"":35,""224"":""AC8="",""225"":177261,""226"":0,""227"":281474976710656,""228"":0,""229"":0,""230"":0,""231"":0}",0.0,1879364340897329154,25.079857671305817,0.0,0.0
1764211234000,2025-11-27 10:40:34.000,104.21491,35.931756,104.20830945692995,35.9260078009324,104.205619,35.92623,0.0,339.0,17735.8,1.0,1,612042023200066,"{""1"":177358,""3"":0,""37"":16,""48"":80,""49"":33,""224"":""AC8="",""225"":177358,""226"":0,""227"":282574488338432,""228"":0,""229"":1639,""230"":0,""231"":0}",0.0,1879347316192227330,31.029180144247984,0.0,0.0
1764211234000,2025-11-27 10:40:34.000,104.21467,35.932226,104.20806983096593,35.92647526718171,104.20541,35.926685,2.0,0.0,20212.8,1.0,1,612042023200098,"{""1"":202128,""3"":0,""37"":0,""48"":80,""49"":20,""224"":""AC8="",""225"":202128,""226"":0,""227"":281474976710656,""228"":0,""229"":0,""230"":0,""231"":0}",0.24,1879353494011949057,0.0,0.0,0.0
1764211234000,2025-11-27 10:40:34.000,104.21499,35.931606,104.20838833445588,35.92585864891449,104.205729,35.92607,0.0,0.0,14783.7,1.0,1,612042023200085,"{""1"":147837,""3"":0,""37"":0,""48"":80,""49"":29,""224"":""AC8="",""225"":147837,""226"":0,""227"":281474976710656,""228"":0,""229"":0,""230"":0,""231"":0}",0.0,1879358279721201665,18.04173318299407,0.0,0.0
1764211234000,2025-11-27 10:40:34.000,104.214792,35.93202,104.20819164238392,35.926270038082826,104.205512,35.926486,0.0,0.0,17726.1,1.0,1,612042023200080,"{""1"":177261,""3"":0,""37"":0,""48"":80,""49"":35,""224"":""AC8="",""225"":177261,""226"":0,""227"":281474976710656,""228"":0,""229"":0,""230"":0,""231"":0}",0.0,1879364340897329154,25.319434163326655,0.0,0.0
1764211235000,2025-11-27 10:40:35.000,104.21491,35.931756,104.20830945692995,35.9260078009324,104.205619,35.92623,0.0,339.0,17735.8,1.0,1,612042023200066,"{""1"":177358,""3"":0,""37"":16,""48"":80,""49"":33,""224"":""AC8="",""225"":177358,""226"":0,""227"":282574488338432,""228"":0,""229"":1639,""230"":0,""231"":0}",0.0,1879347316192227330,31.029180144247984,0.0,0.0
1764211235000,2025-11-27 10:40:35.000,104.214668,35.932225,104.2080678338224,35.92647426985429,104.205408,35.926684,1.0,0.0,20212.8,1.0,1,612042023200098,"{""1"":202128,""3"":0,""37"":0,""48"":80,""49"":20,""224"":""AC8="",""225"":202128,""226"":0,""227"":281474976710656,""228"":0,""229"":0,""230"":0,""231"":0}",0.211,1879353494011949057,0.0,0.0,0.0
1764211235000,2025-11-27 10:40:35.000,104.21499,35.931606,104.20838833445588,35.92585864891449,104.205729,35.92607,0.0,0.0,14783.7,1.0,1,612042023200085,"{""1"":147837,""3"":0,""37"":0,""48"":80,""49"":30,""224"":""AC8="",""225"":147837,""226"":0,""227"":281474976710656,""228"":0,""229"":0,""230"":0,""231"":0}",0.0,1879358279721201665,18.04173318299407,0.0,0.0
1764211235000,2025-11-27 10:40:35.000,104.214792,35.93202,104.20819164238392,35.926270038082826,104.205511,35.926486,0.0,0.0,17726.1,1.0,1,612042023200080,"{""1"":177261,""3"":0,""37"":0,""48"":80,""49"":35,""224"":""AC8="",""225"":177261,""226"":0,""227"":281474976710656,""228"":0,""229"":0,""230"":0,""231"":0}",0.0,1879364340897329154,25.29825469652452,0.0,0.0
1764211236000,2025-11-27 10:40:36.000,104.21491,35.931756,104.20830945692995,35.9260078009324,104.205619,35.92623,0.0,339.0,17735.8,1.0,1,612042023200066,"{""1"":177358,""3"":0,""37"":16,""48"":80,""49"":33,""224"":""AC8="",""225"":177358,""226"":0,""227"":282574488338432,""228"":0,""229"":1639,""230"":0,""231"":0}",0.0,1879347316192227330,31.029180144247984,0.0,0.0
1764211236000,2025-11-27 10:40:36.000,104.214668,35.932225,104.2080678338224,35.92647426985429,104.20541,35.926685,0.0,0.0,20212.8,1.0,1,612042023200098,"{""1"":202128,""3"":0,""37"":0,""48"":80,""49"":21,""224"":""AC8="",""225"":202128,""226"":0,""227"":281474976710656,""228"":0,""229"":0,""230"":0,""231"":0}",0.0,1879353494011949057,0.0,0.0,0.0
1764211236000,2025-11-27 10:40:36.000,104.21499,35.931606,104.20838833445588,35.92585864891449,104.205729,35.92607,0.0,0.0,14783.7,1.0,1,612042023200085,"{""1"":147837,""3"":0,""37"":0,""48"":80,""49"":28,""224"":""AC8="",""225"":147837,""226"":0,""227"":281474976710656,""228"":0,""229"":0,""230"":0,""231"":0}",0.0,1879358279721201665,18.04173318299407,0.0,0.0
1764211236000,2025-11-27 10:40:36.000,104.214792,35.93202,104.20819164238392,35.926270038082826,104.205511,35.926486,0.0,0.0,17726.1,1.0,1,612042023200080,"{""1"":177261,""3"":0,""37"":0,""48"":80,""49"":35,""224"":""AC8="",""225"":177261,""226"":0,""227"":281474976710656,""228"":0,""229"":0,""230"":0,""231"":0}",0.0,1879364340897329154,25.29825469652452,0.0,0.0
1764211237000,2025-11-27 10:40:37.000,104.21491,35.931756,104.20830945692995,35.9260078009324,104.205619,35.92623,0.0,339.0,17735.8,1.0,1,612042023200066,"{""1"":177358,""3"":0,""37"":16,""48"":80,""49"":33,""224"":""AC8="",""225"":177358,""226"":0,""227"":282574488338432,""228"":0,""229"":1639,""230"":0,""231"":0}",0.0,1879347316192227330,31.029180144247984,0.0,0.0
1764211237000,2025-11-27 10:40:37.000,104.214672,35.932224,104.20807182794526,35.926473263762134,104.205412,35.926683,1.0,0.0,20212.8,1.0,1,612042023200098,"{""1"":202128,""3"":0,""37"":0,""48"":80,""49"":21,""224"":""AC8="",""225"":202128,""226"":0,""227"":281474976710656,""228"":0,""229"":0,""230"":0,""231"":0}",0.377,1879353494011949057,0.0,0.0,0.0
1764211237000,2025-11-27 10:40:37.000,104.21499,35.931606,104.20838833445588,35.92585864891449,104.205729,35.926071,0.0,0.0,14783.7,1.0,1,612042023200085,"{""1"":147837,""3"":0,""37"":0,""48"":80,""49"":28,""224"":""AC8="",""225"":147837,""226"":0,""227"":281474976710656,""228"":0,""229"":0,""230"":0,""231"":0}",0.0,1879358279721201665,18.04173318299407,0.0,0.0
1764211237000,2025-11-27 10:40:37.000,104.214792,35.93202,104.20819164238392,35.926270038082826,104.205511,35.926486,0.0,0.0,17726.1,1.0,1,612042023200080,"{""1"":177261,""3"":0,""37"":0,""48"":80,""49"":35,""224"":""AC8="",""225"":177261,""226"":0,""227"":281474976710656,""228"":0,""229"":0,""230"":0,""231"":0}",0.0,1879364340897329154,25.040843358444892,0.0,0.0
1764211238000,2025-11-27 10:40:38.000,104.21491,35.931756,104.20830945692995,35.9260078009324,104.205619,35.926229,0.0,339.0,17735.8,1.0,1,612042023200066,"{""1"":177358,""3"":0,""37"":16,""48"":80,""49"":32,""224"":""AC8="",""225"":177358,""226"":0,""227"":282574488338432,""228"":0,""229"":1639,""230"":0,""231"":0}",0.0,1879347316192227330,31.029180144247984,0.0,0.0
1764211238000,2025-11-27 10:40:38.000,104.214671,35.932225,104.20807082945558,35.92647426547191,104.205411,35.926684,1.0,0.0,20212.8,1.0,1,612042023200098,"{""1"":202128,""3"":0,""37"":0,""48"":80,""49"":21,""224"":""AC8="",""225"":202128,""226"":0,""227"":281474976710656,""228"":0,""229"":0,""230"":0,""231"":0}",0.143,1879353494011949057,0.0,0.0,0.0
1764211238000,2025-11-27 10:40:38.000,104.21499,35.931606,104.20838833445588,35.92585864891449,104.205729,35.926071,0.0,0.0,14783.7,1.0,1,612042023200085,"{""1"":147837,""3"":0,""37"":0,""48"":80,""49"":28,""224"":""AC8="",""225"":147837,""226"":0,""227"":281474976710656,""228"":0,""229"":0,""230"":0,""231"":0}",0.0,1879358279721201665,18.04173318299407,0.0,0.0
1764211238000,2025-11-27 10:40:38.000,104.214792,35.93202,104.20819164238392,35.926270038082826,104.205511,35.926486,0.0,0.0,17726.1,1.0,1,612042023200080,"{""1"":177261,""3"":0,""37"":0,""48"":80,""49"":35,""224"":""AC8="",""225"":177261,""226"":0,""227"":281474976710656,""228"":0,""229"":0,""230"":0,""231"":0}",0.0,1879364340897329154,25.18011718433847,0.0,0.0
1764211239000,2025-11-27 10:40:39.000,104.21491,35.931756,104.20830945692995,35.9260078009324,104.205618,35.926229,0.0,339.0,17735.8,1.0,1,612042023200066,"{""1"":177358,""3"":0,""37"":16,""48"":80,""49"":33,""224"":""AC8="",""225"":177358,""226"":0,""227"":282574488338432,""228"":0,""229"":1639,""230"":0,""231"":0}",0.0,1879347316192227330,31.029180144247984,0.0,0.0
1764211239000,2025-11-27 10:40:39.000,104.214671,35.932224,104.2080708294008,35.926473265222874,104.205411,35.926683,1.0,0.0,20212.8,1.0,1,612042023200098,"{""1"":202128,""3"":0,""37"":0,""48"":80,""49"":21,""224"":""AC8="",""225"":202128,""226"":0,""227"":281474976710656,""228"":0,""229"":0,""230"":0,""231"":0}",0.111,1879353494011949057,0.0,0.0,0.0
1764211239000,2025-11-27 10:40:39.000,104.21499,35.931606,104.20838833445588,35.92585864891449,104.205729,35.926071,0.0,0.0,14783.7,1.0,1,612042023200085,"{""1"":147837,""3"":0,""37"":0,""48"":80,""49"":27,""224"":""AC8="",""225"":147837,""226"":0,""227"":281474976710656,""228"":0,""229"":0,""230"":0,""231"":0}",0.0,1879358279721201665,18.04173318299407,0.0,0.0
1764211239000,2025-11-27 10:40:39.000,104.214792,35.93202,104.20819164238392,35.926270038082826,104.205511,35.926486,0.0,0.0,17726.1,1.0,1,612042023200080,"{""1"":177261,""3"":0,""37"":0,""48"":80,""49"":35,""224"":""AC8="",""225"":177261,""226"":0,""227"":281474976710656,""228"":0,""229"":0,""230"":0,""231"":0}",0.0,1879364340897329154,25.079857671305817,0.0,0.0
1764211240000,2025-11-27 10:40:40.000,104.21491,35.931756,104.20830945692995,35.9260078009324,104.205618,35.926229,0.0,339.0,17735.8,1.0,1,612042023200066,"{""1"":177358,""3"":0,""37"":16,""48"":80,""49"":32,""224"":""AC8="",""225"":177358,""226"":0,""227"":282574488338432,""228"":0,""229"":1639,""230"":0,""231"":0}",0.0,1879347316192227330,31.029180144247984,0.0,0.0
1764211240000,2025-11-27 10:40:40.000,104.214673,35.932225,104.20807282654452,35.92647426255045,104.205413,35.926684,1.0,0.0,20212.8,1.0,1,612042023200098,"{""1"":202128,""3"":0,""37"":0,""48"":80,""49"":21,""224"":""AC8="",""225"":202128,""226"":0,""227"":281474976710656,""228"":0,""229"":0,""230"":0,""231"":0}",0.211,1879353494011949057,0.0,0.0,0.0
1764211240000,2025-11-27 10:40:40.000,104.21499,35.931606,104.20838833445588,35.92585864891449,104.205729,35.92607,0.0,0.0,14783.7,1.0,1,612042023200085,"{""1"":147837,""3"":0,""37"":0,""48"":80,""49"":27,""224"":""AC8="",""225"":147837,""226"":0,""227"":281474976710656,""228"":0,""229"":0,""230"":0,""231"":0}",0.0,1879358279721201665,18.04173318299407,0.0,0.0
1764211240000,2025-11-27 10:40:40.000,104.214792,35.93202,104.20819164238392,35.926270038082826,104.205511,35.926486,0.0,0.0,17726.1,1.0,1,612042023200080,"{""1"":177261,""3"":0,""37"":0,""48"":80,""49"":34,""224"":""AC8="",""225"":177261,""226"":0,""227"":281474976710656,""228"":0,""229"":0,""230"":0,""231"":0}",0.0,1879364340897329154,25.102660214082647,0.0,0.0
1764211241000,2025-11-27 10:40:41.000,104.21491,35.931756,104.20830945692995,35.9260078009324,104.205618,35.926229,0.0,339.0,17735.8,1.0,1,612042023200066,"{""1"":177358,""3"":0,""37"":16,""48"":80,""49"":33,""224"":""AC8="",""225"":177358,""226"":0,""227"":282574488338432,""228"":0,""229"":1639,""230"":0,""231"":0}",0.0,1879347316192227330,31.029180144247984,0.0,0.0
1764211241000,2025-11-27 10:40:41.000,104.214673,35.932225,104.20807282654452,35.92647426255045,104.205414,35.926684,0.0,0.0,20212.8,1.0,1,612042023200098,"{""1"":202128,""3"":0,""37"":0,""48"":80,""49"":20,""224"":""AC8="",""225"":202128,""226"":0,""227"":281474976710656,""228"":0,""229"":0,""230"":0,""231"":0}",0.0,1879353494011949057,0.0,0.0,0.0
1764211241000,2025-11-27 10:40:41.000,104.21499,35.931606,104.20838833445588,35.92585864891449,104.205729,35.926071,0.0,0.0,14783.7,1.0,1,612042023200085,"{""1"":147837,""3"":0,""37"":0,""48"":80,""49"":27,""224"":""AC8="",""225"":147837,""226"":0,""227"":281474976710656,""228"":0,""229"":0,""230"":0,""231"":0}",0.0,1879358279721201665,18.04173318299407,0.0,0.0
1764211241000,2025-11-27 10:40:41.000,104.214792,35.93202,104.20819164238392,35.926270038082826,104.205511,35.926486,0.0,0.0,17726.1,1.0,1,612042023200080,"{""1"":177261,""3"":0,""37"":0,""48"":80,""49"":34,""224"":""AC8="",""225"":177261,""226"":0,""227"":281474976710656,""228"":0,""229"":0,""230"":0,""231"":0}",0.0,1879364340897329154,25.102660214082647,0.0,0.0
1764211242000,2025-11-27 10:40:42.000,104.21491,35.931756,104.20830945692995,35.9260078009324,104.205618,35.926229,0.0,339.0,17735.8,1.0,1,612042023200066,"{""1"":177358,""3"":0,""37"":16,""48"":80,""49"":33,""224"":""AC8="",""225"":177358,""226"":0,""227"":282574488338432,""228"":0,""229"":1639,""230"":0,""231"":0}",0.0,1879347316192227330,31.029180144247984,0.0,0.0
1764211242000,2025-11-27 10:40:42.000,104.214671,35.932226,104.20807082951036,35.92647526572094,104.205411,35.926685,1.0,0.0,20212.8,1.0,1,612042023200098,"{""1"":202128,""3"":0,""37"":0,""48"":80,""49"":20,""224"":""AC8="",""225"":202128,""226"":0,""227"":281474976710656,""228"":0,""229"":0,""230"":0,""231"":0}",0.212,1879353494011949057,0.0,0.0,0.0
1764211242000,2025-11-27 10:40:42.000,104.21499,35.931606,104.20838833445588,35.92585864891449,104.205729,35.926071,0.0,0.0,14783.7,1.0,1,612042023200085,"{""1"":147837,""3"":0,""37"":0,""48"":80,""49"":27,""224"":""AC8="",""225"":147837,""226"":0,""227"":281474976710656,""228"":0,""229"":0,""230"":0,""231"":0}",0.0,1879358279721201665,18.04173318299407,0.0,0.0
1764211242000,2025-11-27 10:40:42.000,104.214792,35.93202,104.20819164238392,35.926270038082826,104.205511,35.926485,0.0,0.0,17726.1,1.0,1,612042023200080,"{""1"":177261,""3"":0,""37"":0,""48"":80,""49"":35,""224"":""AC8="",""225"":177261,""226"":0,""227"":281474976710656,""228"":0,""229"":0,""230"":0,""231"":0}",0.0,1879364340897329154,25.28046840797538,0.0,0.0
1764211243000,2025-11-27 10:40:43.000,104.21491,35.931756,104.20830945692995,35.9260078009324,104.205618,35.926229,0.0,339.0,17735.8,1.0,1,612042023200066,"{""1"":177358,""3"":0,""37"":16,""48"":80,""49"":33,""224"":""AC8="",""225"":177358,""226"":0,""227"":282574488338432,""228"":0,""229"":1639,""230"":0,""231"":0}",0.0,1879347316192227330,31.029180144247984,0.0,0.0
1764211243000,2025-11-27 10:40:43.000,104.214671,35.932226,104.20807082951036,35.92647526572094,104.205414,35.926687,0.0,0.0,20212.8,1.0,1,612042023200098,"{""1"":202128,""3"":0,""37"":0,""48"":80,""49"":21,""224"":""AC8="",""225"":202128,""226"":0,""227"":281474976710656,""228"":0,""229"":0,""230"":0,""231"":0}",0.0,1879353494011949057,0.0,0.0,0.0
1764211243000,2025-11-27 10:40:43.000,104.21499,35.931606,104.20838833445588,35.92585864891449,104.205729,35.926071,0.0,0.0,14783.7,1.0,1,612042023200085,"{""1"":147837,""3"":0,""37"":0,""48"":80,""49"":28,""224"":""AC8="",""225"":147837,""226"":0,""227"":281474976710656,""228"":0,""229"":0,""230"":0,""231"":0}",0.0,1879358279721201665,18.04173318299407,0.0,0.0
1764211243000,2025-11-27 10:40:43.000,104.214792,35.93202,104.20819164238392,35.926270038082826,104.205511,35.926485,0.0,0.0,17726.1,1.0,1,612042023200080,"{""1"":177261,""3"":0,""37"":0,""48"":80,""49"":35,""224"":""AC8="",""225"":177261,""226"":0,""227"":281474976710656,""228"":0,""229"":0,""230"":0,""231"":0}",0.0,1879364340897329154,25.28046840797538,0.0,0.0
1764211244000,2025-11-27 10:40:44.000,104.21491,35.931756,104.20830945692995,35.9260078009324,104.205617,35.926229,0.0,339.0,17735.8,1.0,1,612042023200066,"{""1"":177358,""3"":0,""37"":16,""48"":80,""49"":34,""224"":""AC8="",""225"":177358,""226"":0,""227"":282574488338432,""228"":0,""229"":1639,""230"":0,""231"":0}",0.0,1879347316192227330,31.029180144247984,0.0,0.0
1764211244000,2025-11-27 10:40:44.000,104.214674,35.932227,104.20807382519858,35.92647626158781,104.205414,35.926686,1.0,0.0,20212.8,1.0,1,612042023200098,"{""1"":202128,""3"":0,""37"":0,""48"":80,""49"":20,""224"":""AC8="",""225"":202128,""226"":0,""227"":281474976710656,""228"":0,""229"":0,""230"":0,""231"":0}",0.292,1879353494011949057,0.0,0.0,0.0
1764211244000,2025-11-27 10:40:44.000,104.21499,35.931606,104.20838833445588,35.92585864891449,104.205729,35.926071,0.0,0.0,14783.7,1.0,1,612042023200085,"{""1"":147837,""3"":0,""37"":0,""48"":80,""49"":27,""224"":""AC8="",""225"":147837,""226"":0,""227"":281474976710656,""228"":0,""229"":0,""230"":0,""231"":0}",0.0,1879358279721201665,18.04173318299407,0.0,0.0
1764211244000,2025-11-27 10:40:44.000,104.214792,35.93202,104.20819164238392,35.926270038082826,104.205511,35.926485,0.0,0.0,17726.1,1.0,1,612042023200080,"{""1"":177261,""3"":0,""37"":0,""48"":80,""49"":35,""224"":""AC8="",""225"":177261,""226"":0,""227"":281474976710656,""228"":0,""229"":0,""230"":0,""231"":0}",0.0,1879364340897329154,25.266034890227907,0.0,0.0
1764211245000,2025-11-27 10:40:45.000,104.21491,35.931756,104.20830945692995,35.9260078009324,104.205617,35.926228,0.0,339.0,17735.8,1.0,1,612042023200066,"{""1"":177358,""3"":0,""37"":16,""48"":80,""49"":34,""224"":""AC8="",""225"":177358,""226"":0,""227"":282574488338432,""228"":0,""229"":1639,""230"":0,""231"":0}",0.0,1879347316192227330,31.029180144247984,0.0,0.0
1764211245000,2025-11-27 10:40:45.000,104.214674,35.932227,104.20807382519858,35.92647626158781,104.205414,35.926686,0.0,0.0,20212.8,1.0,1,612042023200098,"{""1"":202128,""3"":0,""37"":0,""48"":80,""49"":20,""224"":""AC8="",""225"":202128,""226"":0,""227"":281474976710656,""228"":0,""229"":0,""230"":0,""231"":0}",0.0,1879353494011949057,0.0,0.0,0.0
1764211245000,2025-11-27 10:40:45.000,104.21499,35.931606,104.20838833445588,35.92585864891449,104.20573,35.926071,0.0,0.0,14783.7,1.0,1,612042023200085,"{""1"":147837,""3"":0,""37"":0,""48"":80,""49"":28,""224"":""AC8="",""225"":147837,""226"":0,""227"":281474976710656,""228"":0,""229"":0,""230"":0,""231"":0}",0.0,1879358279721201665,18.04173318299407,0.0,0.0
1764211245000,2025-11-27 10:40:45.000,104.214792,35.93202,104.20819164238392,35.926270038082826,104.205511,35.926485,0.0,0.0,17726.1,1.0,1,612042023200080,"{""1"":177261,""3"":0,""37"":0,""48"":80,""49"":35,""224"":""AC8="",""225"":177261,""226"":0,""227"":281474976710656,""228"":0,""229"":0,""230"":0,""231"":0}",0.0,1879364340897329154,25.266034890227907,0.0,0.0
1764211246000,2025-11-27 10:40:46.000,104.21491,35.931756,104.20830945692995,35.9260078009324,104.205617,35.926228,0.0,339.0,17735.8,1.0,1,612042023200066,"{""1"":177358,""3"":0,""37"":16,""48"":80,""49"":34,""224"":""AC8="",""225"":177358,""226"":0,""227"":282574488338432,""228"":0,""229"":1639,""230"":0,""231"":0}",0.0,1879347316192227330,31.029180144247984,0.0,0.0
1764211246000,2025-11-27 10:40:46.000,104.214675,35.932228,104.20807482379789,35.926477260376174,104.205415,35.926687,1.0,0.0,20212.8,1.0,1,612042023200098,"{""1"":202128,""3"":0,""37"":0,""48"":80,""49"":20,""224"":""AC8="",""225"":202128,""226"":0,""227"":281474976710656,""228"":0,""229"":0,""230"":0,""231"":0}",0.143,1879353494011949057,0.0,0.0,0.0
1764211246000,2025-11-27 10:40:46.000,104.21499,35.931606,104.20838833445588,35.92585864891449,104.20573,35.926071,0.0,0.0,14783.7,1.0,1,612042023200085,"{""1"":147837,""3"":0,""37"":0,""48"":80,""49"":28,""224"":""AC8="",""225"":147837,""226"":0,""227"":281474976710656,""228"":0,""229"":0,""230"":0,""231"":0}",0.0,1879358279721201665,18.04173318299407,0.0,0.0
1764211246000,2025-11-27 10:40:46.000,104.214792,35.93202,104.20819164238392,35.926270038082826,104.205511,35.926485,0.0,0.0,17726.1,1.0,1,612042023200080,"{""1"":177261,""3"":0,""37"":0,""48"":80,""49"":35,""224"":""AC8="",""225"":177261,""226"":0,""227"":281474976710656,""228"":0,""229"":0,""230"":0,""231"":0}",0.0,1879364340897329154,25.32940220519851,0.0,0.0
1764211247000,2025-11-27 10:40:47.000,104.21491,35.931756,104.20830945692995,35.9260078009324,104.205617,35.926228,0.0,339.0,17735.8,1.0,1,612042023200066,"{""1"":177358,""3"":0,""37"":16,""48"":80,""49"":34,""224"":""AC8="",""225"":177358,""226"":0,""227"":282574488338432,""228"":0,""229"":1639,""230"":0,""231"":0}",0.0,1879347316192227330,31.029180144247984,0.0,0.0
1764211247000,2025-11-27 10:40:47.000,104.214674,35.932228,104.20807382525336,35.926477261836844,104.205414,35.926687,1.0,0.0,20212.8,1.0,1,612042023200098,"{""1"":202128,""3"":0,""37"":0,""48"":80,""49"":20,""224"":""AC8="",""225"":202128,""226"":0,""227"":281474976710656,""228"":0,""229"":0,""230"":0,""231"":0}",0.09,1879353494011949057,0.0,0.0,0.0
1764211247000,2025-11-27 10:40:47.000,104.21499,35.931606,104.20838833445588,35.92585864891449,104.20573,35.926071,0.0,0.0,14783.7,1.0,1,612042023200085,"{""1"":147837,""3"":0,""37"":0,""48"":80,""49"":28,""224"":""AC8="",""225"":147837,""226"":0,""227"":281474976710656,""228"":0,""229"":0,""230"":0,""231"":0}",0.0,1879358279721201665,18.04173318299407,0.0,0.0
1764211247000,2025-11-27 10:40:47.000,104.214792,35.93202,104.20819164238392,35.926270038082826,104.205511,35.926485,0.0,0.0,17726.1,1.0,1,612042023200080,"{""1"":177261,""3"":0,""37"":0,""48"":80,""49"":35,""224"":""AC8="",""225"":177261,""226"":0,""227"":281474976710656,""228"":0,""229"":0,""230"":0,""231"":0}",0.0,1879364340897329154,25.36701947106618,0.0,0.0
1764211248000,2025-11-27 10:40:48.000,104.21491,35.931756,104.20830945692995,35.9260078009324,104.205617,35.926228,0.0,339.0,17735.8,1.0,1,612042023200066,"{""1"":177358,""3"":0,""37"":16,""48"":80,""49"":34,""224"":""AC8="",""225"":177358,""226"":0,""227"":282574488338432,""228"":0,""229"":1639,""230"":0,""231"":0}",0.0,1879347316192227330,31.029180144247984,0.0,0.0
1764211248000,2025-11-27 10:40:48.000,104.214674,35.932227,104.20807382519858,35.92647626158781,104.205414,35.926686,1.0,0.0,20212.8,1.0,1,612042023200098,"{""1"":202128,""3"":0,""37"":0,""48"":80,""49"":20,""224"":""AC8="",""225"":202128,""226"":0,""227"":281474976710656,""228"":0,""229"":0,""230"":0,""231"":0}",0.111,1879353494011949057,0.0,0.0,0.0
1764211248000,2025-11-27 10:40:48.000,104.21499,35.931606,104.20838833445588,35.92585864891449,104.20573,35.926071,0.0,0.0,14783.7,1.0,1,612042023200085,"{""1"":147837,""3"":0,""37"":0,""48"":80,""49"":27,""224"":""AC8="",""225"":147837,""226"":0,""227"":281474976710656,""228"":0,""229"":0,""230"":0,""231"":0}",0.0,1879358279721201665,18.04173318299407,0.0,0.0
1764211248000,2025-11-27 10:40:48.000,104.214792,35.93202,104.20819164238392,35.926270038082826,104.205511,35.926485,0.0,0.0,17726.1,1.0,1,612042023200080,"{""1"":177261,""3"":0,""37"":0,""48"":80,""49"":34,""224"":""AC8="",""225"":177261,""226"":0,""227"":281474976710656,""228"":0,""229"":0,""230"":0,""231"":0}",0.0,1879364340897329154,25.266034890227907,0.0,0.0
1764211249000,2025-11-27 10:40:49.000,104.21491,35.931756,104.20830945692995,35.9260078009324,104.205617,35.926228,0.0,339.0,17735.8,1.0,1,612042023200066,"{""1"":177358,""3"":0,""37"":16,""48"":80,""49"":34,""224"":""AC8="",""225"":177358,""226"":0,""227"":282574488338432,""228"":0,""229"":1639,""230"":0,""231"":0}",0.0,1879347316192227330,31.029180144247984,0.0,0.0
1764211249000,2025-11-27 10:40:49.000,104.214674,35.932227,104.20807382519858,35.92647626158781,104.205416,35.926687,0.0,0.0,20212.8,1.0,1,612042023200098,"{""1"":202128,""3"":0,""37"":0,""48"":80,""49"":20,""224"":""AC8="",""225"":202128,""226"":0,""227"":281474976710656,""228"":0,""229"":0,""230"":0,""231"":0}",0.0,1879353494011949057,0.0,0.0,0.0
1764211249000,2025-11-27 10:40:49.000,104.21499,35.931606,104.20838833445588,35.92585864891449,104.20573,35.926071,0.0,0.0,14783.7,1.0,1,612042023200085,"{""1"":147837,""3"":0,""37"":0,""48"":80,""49"":28,""224"":""AC8="",""225"":147837,""226"":0,""227"":281474976710656,""228"":0,""229"":0,""230"":0,""231"":0}",0.0,1879358279721201665,18.04173318299407,0.0,0.0
1764211249000,2025-11-27 10:40:49.000,104.214792,35.93202,104.20819164238392,35.926270038082826,104.205511,35.926485,0.0,0.0,17726.1,1.0,1,612042023200080,"{""1"":177261,""3"":0,""37"":0,""48"":80,""49"":34,""224"":""AC8="",""225"":177261,""226"":0,""227"":281474976710656,""228"":0,""229"":0,""230"":0,""231"":0}",0.0,1879364340897329154,25.266034890227907,0.0,0.0
1764211250000,2025-11-27 10:40:50.000,104.21491,35.931756,104.20830945692995,35.9260078009324,104.205617,35.926228,0.0,339.0,17735.8,1.0,1,612042023200066,"{""1"":177358,""3"":0,""37"":16,""48"":80,""49"":34,""224"":""AC8="",""225"":177358,""226"":0,""227"":282574488338432,""228"":0,""229"":1639,""230"":0,""231"":0}",0.0,1879347316192227330,31.029180144247984,0.0,0.0
1764211250000,2025-11-27 10:40:50.000,104.214674,35.932227,104.20807382519858,35.92647626158781,104.205417,35.926687,0.0,0.0,20212.8,1.0,1,612042023200098,"{""1"":202128,""3"":0,""37"":0,""48"":80,""49"":20,""224"":""AC8="",""225"":202128,""226"":0,""227"":281474976710656,""228"":0,""229"":0,""230"":0,""231"":0}",0.0,1879353494011949057,0.0,0.0,0.0
1764211250000,2025-11-27 10:40:50.000,104.21499,35.931606,104.20838833445588,35.92585864891449,104.20573,35.926071,0.0,0.0,14783.7,1.0,1,612042023200085,"{""1"":147837,""3"":0,""37"":0,""48"":80,""49"":26,""224"":""AC8="",""225"":147837,""226"":0,""227"":281474976710656,""228"":0,""229"":0,""230"":0,""231"":0}",0.0,1879358279721201665,18.04173318299407,0.0,0.0
1764211250000,2025-11-27 10:40:50.000,104.214792,35.93202,104.20819164238392,35.926270038082826,104.205511,35.926485,0.0,0.0,17726.1,1.0,1,612042023200080,"{""1"":177261,""3"":0,""37"":0,""48"":80,""49"":34,""224"":""AC8="",""225"":177261,""226"":0,""227"":281474976710656,""228"":0,""229"":0,""230"":0,""231"":0}",0.0,1879364340897329154,25.266034890227907,0.0,0.0
1764211251000,2025-11-27 10:40:51.000,104.21491,35.931756,104.20830945692995,35.9260078009324,104.205617,35.926228,0.0,339.0,17735.8,1.0,1,612042023200066,"{""1"":177358,""3"":0,""37"":16,""48"":80,""49"":34,""224"":""AC8="",""225"":177358,""226"":0,""227"":282574488338432,""228"":0,""229"":1639,""230"":0,""231"":0}",0.0,1879347316192227330,31.029180144247984,0.0,0.0
1764211251000,2025-11-27 10:40:51.000,104.214676,35.932227,104.2080758222877,35.92647625866649,104.205416,35.926686,1.0,0.0,20212.8,1.0,1,612042023200098,"{""1"":202128,""3"":0,""37"":0,""48"":80,""49"":20,""224"":""AC8="",""225"":202128,""226"":0,""227"":281474976710656,""228"":0,""229"":0,""230"":0,""231"":0}",0.18,1879353494011949057,0.0,0.0,0.0
1764211251000,2025-11-27 10:40:51.000,104.21499,35.931606,104.20838833445588,35.92585864891449,104.20573,35.926071,0.0,0.0,14783.7,1.0,1,612042023200085,"{""1"":147837,""3"":0,""37"":0,""48"":80,""49"":27,""224"":""AC8="",""225"":147837,""226"":0,""227"":281474976710656,""228"":0,""229"":0,""230"":0,""231"":0}",0.0,1879358279721201665,18.04173318299407,0.0,0.0
1764211251000,2025-11-27 10:40:51.000,104.214792,35.93202,104.20819164238392,35.926270038082826,104.205511,35.926485,0.0,0.0,17726.1,1.0,1,612042023200080,"{""1"":177261,""3"":0,""37"":0,""48"":80,""49"":34,""224"":""AC8="",""225"":177261,""226"":0,""227"":281474976710656,""228"":0,""229"":0,""230"":0,""231"":0}",0.0,1879364340897329154,25.190764897653576,0.0,0.0
1764211252000,2025-11-27 10:40:52.000,104.21491,35.931756,104.20830945692995,35.9260078009324,104.205617,35.926227,0.0,339.0,17735.8,1.0,1,612042023200066,"{""1"":177358,""3"":0,""37"":16,""48"":80,""49"":34,""224"":""AC8="",""225"":177358,""226"":0,""227"":282574488338432,""228"":0,""229"":1639,""230"":0,""231"":0}",0.0,1879347316192227330,31.029180144247984,0.0,0.0
1764211252000,2025-11-27 10:40:52.000,104.214674,35.932226,104.2080738251438,35.92647526133878,104.205414,35.926685,2.0,230.0,20212.8,1.0,1,612042023200098,"{""1"":202128,""3"":0,""37"":0,""48"":80,""49"":20,""224"":""AC8="",""225"":202128,""226"":0,""227"":281474976710656,""228"":0,""229"":0,""230"":0,""231"":0}",0.211,1879353494011949057,0.0,0.0,0.0
1764211252000,2025-11-27 10:40:52.000,104.21499,35.931606,104.20838833445588,35.92585864891449,104.20573,35.926071,0.0,0.0,14783.7,1.0,1,612042023200085,"{""1"":147837,""3"":0,""37"":0,""48"":80,""49"":27,""224"":""AC8="",""225"":147837,""226"":0,""227"":281474976710656,""228"":0,""229"":0,""230"":0,""231"":0}",0.0,1879358279721201665,18.04173318299407,0.0,0.0
1764211252000,2025-11-27 10:40:52.000,104.214792,35.93202,104.20819164238392,35.926270038082826,104.205511,35.926485,0.0,0.0,17726.1,1.0,1,612042023200080,"{""1"":177261,""3"":0,""37"":0,""48"":80,""49"":35,""224"":""AC8="",""225"":177261,""226"":0,""227"":281474976710656,""228"":0,""229"":0,""230"":0,""231"":0}",0.0,1879364340897329154,25.165136643393375,0.0,0.0
1764211253000,2025-11-27 10:40:53.000,104.21491,35.931756,104.20830945692995,35.9260078009324,104.205616,35.926227,0.0,339.0,17735.8,1.0,1,612042023200066,"{""1"":177358,""3"":0,""37"":16,""48"":80,""49"":34,""224"":""AC8="",""225"":177358,""226"":0,""227"":282574488338432,""228"":0,""229"":1639,""230"":0,""231"":0}",0.0,1879347316192227330,31.029180144247984,0.0,0.0
1764211253000,2025-11-27 10:40:53.000,104.214675,35.932227,104.20807482374312,35.92647626012714,104.205415,35.926686,1.0,0.0,20212.8,1.0,1,612042023200098,"{""1"":202128,""3"":0,""37"":0,""48"":80,""49"":20,""224"":""AC8="",""225"":202128,""226"":0,""227"":281474976710656,""228"":0,""229"":0,""230"":0,""231"":0}",0.143,1879353494011949057,0.0,0.0,0.0
1764211253000,2025-11-27 10:40:53.000,104.21499,35.931606,104.20838833445588,35.92585864891449,104.20573,35.926071,0.0,0.0,14783.7,1.0,1,612042023200085,"{""1"":147837,""3"":0,""37"":0,""48"":80,""49"":27,""224"":""AC8="",""225"":147837,""226"":0,""227"":281474976710656,""228"":0,""229"":0,""230"":0,""231"":0}",0.0,1879358279721201665,18.04173318299407,0.0,0.0
1764211253000,2025-11-27 10:40:53.000,104.214792,35.93202,104.20819164238392,35.926270038082826,104.205511,35.926485,0.0,0.0,17726.1,1.0,1,612042023200080,"{""1"":177261,""3"":0,""37"":0,""48"":80,""49"":34,""224"":""AC8="",""225"":177261,""226"":0,""227"":281474976710656,""228"":0,""229"":0,""230"":0,""231"":0}",0.0,1879364340897329154,25.228267746574524,0.0,0.0
1764211254000,2025-11-27 10:40:54.000,104.21491,35.931756,104.20830945692995,35.9260078009324,104.205616,35.926227,0.0,339.0,17735.8,1.0,1,612042023200066,"{""1"":177358,""3"":0,""37"":16,""48"":80,""49"":34,""224"":""AC8="",""225"":177358,""226"":0,""227"":282574488338432,""228"":0,""229"":1639,""230"":0,""231"":0}",0.0,1879347316192227330,31.029180144247984,0.0,0.0
1764211254000,2025-11-27 10:40:54.000,104.214675,35.932228,104.20807482379789,35.926477260376174,104.205415,35.926687,1.0,0.0,20212.8,1.0,1,612042023200098,"{""1"":202128,""3"":0,""37"":0,""48"":80,""49"":20,""224"":""AC8="",""225"":202128,""226"":0,""227"":281474976710656,""228"":0,""229"":0,""230"":0,""231"":0}",0.111,1879353494011949057,0.0,0.0,0.0
1764211254000,2025-11-27 10:40:54.000,104.21499,35.931606,104.20838833445588,35.92585864891449,104.20573,35.926071,0.0,0.0,14783.7,1.0,1,612042023200085,"{""1"":147837,""3"":0,""37"":0,""48"":80,""49"":27,""224"":""AC8="",""225"":147837,""226"":0,""227"":281474976710656,""228"":0,""229"":0,""230"":0,""231"":0}",0.0,1879358279721201665,18.04173318299407,0.0,0.0
1764211254000,2025-11-27 10:40:54.000,104.214792,35.93202,104.20819164238392,35.926270038082826,104.205511,35.926484,0.0,0.0,17726.1,1.0,1,612042023200080,"{""1"":177261,""3"":0,""37"":0,""48"":80,""49"":34,""224"":""AC8="",""225"":177261,""226"":0,""227"":281474976710656,""228"":0,""229"":0,""230"":0,""231"":0}",0.0,1879364340897329154,25.32940220519851,0.0,0.0
1764211255000,2025-11-27 10:40:55.000,104.21491,35.931756,104.20830945692995,35.9260078009324,104.205616,35.926227,0.0,339.0,17735.8,1.0,1,612042023200066,"{""1"":177358,""3"":0,""37"":16,""48"":80,""49"":34,""224"":""AC8="",""225"":177358,""226"":0,""227"":282574488338432,""228"":0,""229"":1639,""230"":0,""231"":0}",0.0,1879347316192227330,31.029180144247984,0.0,0.0
1764211255000,2025-11-27 10:40:55.000,104.214676,35.932228,104.20807582234248,35.926477258915526,104.205416,35.926687,1.0,0.0,20212.8,1.0,1,612042023200098,"{""1"":202128,""3"":0,""37"":0,""48"":80,""49"":20,""224"":""AC8="",""225"":202128,""226"":0,""227"":281474976710656,""228"":0,""229"":0,""230"":0,""231"":0}",0.09,1879353494011949057,0.0,0.0,0.0
1764211255000,2025-11-27 10:40:55.000,104.21499,35.931606,104.20838833445588,35.92585864891449,104.20573,35.926071,0.0,0.0,14783.7,1.0,1,612042023200085,"{""1"":147837,""3"":0,""37"":0,""48"":80,""49"":28,""224"":""AC8="",""225"":147837,""226"":0,""227"":281474976710656,""228"":0,""229"":0,""230"":0,""231"":0}",0.0,1879358279721201665,18.04173318299407,0.0,0.0
1764211255000,2025-11-27 10:40:55.000,104.214792,35.93202,104.20819164238392,35.926270038082826,104.205511,35.926484,0.0,0.0,17726.1,1.0,1,612042023200080,"{""1"":177261,""3"":0,""37"":0,""48"":80,""49"":34,""224"":""AC8="",""225"":177261,""226"":0,""227"":281474976710656,""228"":0,""229"":0,""230"":0,""231"":0}",0.0,1879364340897329154,25.292048621332146,0.0,0.0
1764211256000,2025-11-27 10:40:56.000,104.21491,35.931756,104.20830945692995,35.9260078009324,104.205616,35.926227,0.0,339.0,17735.8,1.0,1,612042023200066,"{""1"":177358,""3"":0,""37"":16,""48"":80,""49"":34,""224"":""AC8="",""225"":177358,""226"":0,""227"":282574488338432,""228"":0,""229"":1639,""230"":0,""231"":0}",0.0,1879347316192227330,31.029180144247984,0.0,0.0
1764211256000,2025-11-27 10:40:56.000,104.214675,35.932229,104.20807482385266,35.9264782606252,104.205415,35.926688,1.0,0.0,20212.8,1.0,1,612042023200098,"{""1"":202128,""3"":0,""37"":0,""48"":80,""49"":20,""224"":""AC8="",""225"":202128,""226"":0,""227"":281474976710656,""228"":0,""229"":0,""230"":0,""231"":0}",0.143,1879353494011949057,0.0,0.0,0.0
1764211256000,2025-11-27 10:40:56.000,104.21499,35.931606,104.20838833445588,35.92585864891449,104.20573,35.926071,0.0,0.0,14783.7,1.0,1,612042023200085,"{""1"":147837,""3"":0,""37"":0,""48"":80,""49"":28,""224"":""AC8="",""225"":147837,""226"":0,""227"":281474976710656,""228"":0,""229"":0,""230"":0,""231"":0}",0.0,1879358279721201665,18.04173318299407,0.0,0.0
1764211256000,2025-11-27 10:40:56.000,104.214792,35.93202,104.20819164238392,35.926270038082826,104.205511,35.926484,0.0,0.0,17726.1,1.0,1,612042023200080,"{""1"":177261,""3"":0,""37"":0,""48"":80,""49"":35,""224"":""AC8="",""225"":177261,""226"":0,""227"":281474976710656,""228"":0,""229"":0,""230"":0,""231"":0}",0.0,1879364340897329154,25.430620903894862,0.0,0.0
1764211257000,2025-11-27 10:40:57.000,104.21491,35.931756,104.20830945692995,35.9260078009324,104.205616,35.926227,0.0,339.0,17735.8,1.0,1,612042023200066,"{""1"":177358,""3"":0,""37"":16,""48"":80,""49"":34,""224"":""AC8="",""225"":177358,""226"":0,""227"":282574488338432,""228"":0,""229"":1639,""230"":0,""231"":0}",0.0,1879347316192227330,31.029180144247984,0.0,0.0
1764211257000,2025-11-27 10:40:57.000,104.214675,35.93223,104.20807482390742,35.92647926087423,104.205415,35.926689,1.0,0.0,20212.8,1.0,1,612042023200098,"{""1"":202128,""3"":0,""37"":0,""48"":80,""49"":20,""224"":""AC8="",""225"":202128,""226"":0,""227"":281474976710656,""228"":0,""229"":0,""230"":0,""231"":0}",0.111,1879353494011949057,0.0,0.0,0.0
1764211257000,2025-11-27 10:40:57.000,104.21499,35.931606,104.20838833445588,35.92585864891449,104.20573,35.926071,0.0,0.0,14783.7,1.0,1,612042023200085,"{""1"":147837,""3"":0,""37"":0,""48"":80,""49"":27,""224"":""AC8="",""225"":147837,""226"":0,""227"":281474976710656,""228"":0,""229"":0,""230"":0,""231"":0}",0.0,1879358279721201665,18.04173318299407,0.0,0.0
1764211257000,2025-11-27 10:40:57.000,104.214792,35.93202,104.20819164238392,35.926270038082826,104.205512,35.926484,0.0,0.0,17726.1,1.0,1,612042023200080,"{""1"":177261,""3"":0,""37"":0,""48"":80,""49"":35,""224"":""AC8="",""225"":177261,""226"":0,""227"":281474976710656,""228"":0,""229"":0,""230"":0,""231"":0}",0.0,1879364340897329154,25.531922841489735,0.0,0.0
1764211258000,2025-11-27 10:40:58.000,104.21491,35.931756,104.20830945692995,35.9260078009324,104.205616,35.926227,0.0,339.0,17735.8,1.0,1,612042023200066,"{""1"":177358,""3"":0,""37"":16,""48"":80,""49"":34,""224"":""AC8="",""225"":177358,""226"":0,""227"":282574488338432,""228"":0,""229"":1639,""230"":0,""231"":0}",0.0,1879347316192227330,31.029180144247984,0.0,0.0
1764211258000,2025-11-27 10:40:58.000,104.214675,35.93223,104.20807482390742,35.92647926087423,104.205416,35.926689,0.0,0.0,20212.8,1.0,1,612042023200098,"{""1"":202128,""3"":0,""37"":0,""48"":80,""49"":20,""224"":""AC8="",""225"":202128,""226"":0,""227"":281474976710656,""228"":0,""229"":0,""230"":0,""231"":0}",0.0,1879353494011949057,0.0,0.0,0.0
1764211258000,2025-11-27 10:40:58.000,104.21499,35.931606,104.20838833445588,35.92585864891449,104.20573,35.926071,0.0,0.0,14783.7,1.0,1,612042023200085,"{""1"":147837,""3"":0,""37"":0,""48"":80,""49"":27,""224"":""AC8="",""225"":147837,""226"":0,""227"":281474976710656,""228"":0,""229"":0,""230"":0,""231"":0}",0.0,1879358279721201665,18.04173318299407,0.0,0.0
1764211258000,2025-11-27 10:40:58.000,104.214792,35.93202,104.20819164238392,35.926270038082826,104.205512,35.926484,0.0,0.0,17726.1,1.0,1,612042023200080,"{""1"":177261,""3"":0,""37"":0,""48"":80,""49"":35,""224"":""AC8="",""225"":177261,""226"":0,""227"":281474976710656,""228"":0,""229"":0,""230"":0,""231"":0}",0.0,1879364340897329154,25.531922841489735,0.0,0.0
1764211259000,2025-11-27 10:40:59.000,104.21491,35.931756,104.20830945692995,35.9260078009324,104.205616,35.926227,0.0,339.0,17735.8,1.0,1,612042023200066,"{""1"":177358,""3"":0,""37"":16,""48"":80,""49"":34,""224"":""AC8="",""225"":177358,""226"":0,""227"":282574488338432,""228"":0,""229"":1639,""230"":0,""231"":0}",0.0,1879347316192227330,31.029180144247984,0.0,0.0
1764211259000,2025-11-27 10:40:59.000,104.214674,35.932228,104.20807382525336,35.926477261836844,104.205414,35.926687,2.0,0.0,20212.8,1.0,1,612042023200098,"{""1"":202128,""3"":0,""37"":0,""48"":80,""49"":20,""224"":""AC8="",""225"":202128,""226"":0,""227"":281474976710656,""228"":0,""229"":0,""230"":0,""231"":0}",0.24,1879353494011949057,0.0,0.0,0.0
1764211259000,2025-11-27 10:40:59.000,104.21499,35.931606,104.20838833445588,35.92585864891449,104.20573,35.926071,0.0,0.0,14783.7,1.0,1,612042023200085,"{""1"":147837,""3"":0,""37"":0,""48"":80,""49"":27,""224"":""AC8="",""225"":147837,""226"":0,""227"":281474976710656,""228"":0,""229"":0,""230"":0,""231"":0}",0.0,1879358279721201665,18.04173318299407,0.0,0.0
1764211259000,2025-11-27 10:40:59.000,104.214792,35.93202,104.20819164238392,35.926270038082826,104.205512,35.926484,0.0,0.0,17726.1,1.0,1,612042023200080,"{""1"":177261,""3"":0,""37"":0,""48"":80,""49"":35,""224"":""AC8="",""225"":177261,""226"":0,""227"":281474976710656,""228"":0,""229"":0,""230"":0,""231"":0}",0.0,1879364340897329154,25.36701947106618,0.0,0.0
1764211260000,2025-11-27 10:41:00.000,104.21491,35.931756,104.20830945692995,35.9260078009324,104.205616,35.926227,0.0,339.0,17735.8,1.0,1,612042023200066,"{""1"":177358,""3"":0,""37"":16,""48"":80,""49"":34,""224"":""AC8="",""225"":177358,""226"":0,""227"":282574488338432,""228"":0,""229"":1639,""230"":0,""231"":0}",0.0,1879347316192227330,31.029180144247984,0.0,0.0
1764211260000,2025-11-27 10:41:00.000,104.214672,35.932227,104.20807182810957,35.926476264509226,104.205412,35.926686,1.0,0.0,20212.8,1.0,1,612042023200098,"{""1"":202128,""3"":0,""37"":0,""48"":80,""49"":19,""224"":""AC8="",""225"":202128,""226"":0,""227"":281474976710656,""228"":0,""229"":0,""230"":0,""231"":0}",0.211,1879353494011949057,0.0,0.0,0.0
1764211260000,2025-11-27 10:41:00.000,104.21499,35.931606,104.20838833445588,35.92585864891449,104.20573,35.926071,0.0,0.0,14783.7,1.0,1,612042023200085,"{""1"":147837,""3"":0,""37"":0,""48"":80,""49"":27,""224"":""AC8="",""225"":147837,""226"":0,""227"":281474976710656,""228"":0,""229"":0,""230"":0,""231"":0}",0.0,1879358279721201665,18.04173318299407,0.0,0.0
1764211260000,2025-11-27 10:41:00.000,104.214792,35.93202,104.20819164238392,35.926270038082826,104.205512,35.926484,0.0,0.0,17726.1,1.0,1,612042023200080,"{""1"":177261,""3"":0,""37"":0,""48"":80,""49"":35,""224"":""AC8="",""225"":177261,""226"":0,""227"":281474976710656,""228"":0,""229"":0,""230"":0,""231"":0}",0.0,1879364340897329154,25.34235733098385,0.0,0.0
1764211261000,2025-11-27 10:41:01.000,104.21491,35.931756,104.20830945692995,35.9260078009324,104.205615,35.926227,0.0,339.0,17735.8,1.0,1,612042023200066,"{""1"":177358,""3"":0,""37"":16,""48"":80,""49"":34,""224"":""AC8="",""225"":177358,""226"":0,""227"":282574488338432,""228"":0,""229"":1639,""230"":0,""231"":0}",0.0,1879347316192227330,31.029180144247984,0.0,0.0
1764211261000,2025-11-27 10:41:01.000,104.214674,35.932228,104.20807382525336,35.926477261836844,104.205414,35.926687,1.0,0.0,20212.8,1.0,1,612042023200098,"{""1"":202128,""3"":0,""37"":0,""48"":80,""49"":20,""224"":""AC8="",""225"":202128,""226"":0,""227"":281474976710656,""228"":0,""229"":0,""230"":0,""231"":0}",0.211,1879353494011949057,0.0,0.0,0.0
1764211261000,2025-11-27 10:41:01.000,104.21499,35.931606,104.20838833445588,35.92585864891449,104.20573,35.926071,0.0,0.0,14783.7,1.0,1,612042023200085,"{""1"":147837,""3"":0,""37"":0,""48"":80,""49"":27,""224"":""AC8="",""225"":147837,""226"":0,""227"":281474976710656,""228"":0,""229"":0,""230"":0,""231"":0}",0.0,1879358279721201665,18.04173318299407,0.0,0.0
1764211261000,2025-11-27 10:41:01.000,104.214792,35.93202,104.20819164238392,35.926270038082826,104.205511,35.926484,0.0,0.0,17726.1,1.0,1,612042023200080,"{""1"":177261,""3"":0,""37"":0,""48"":80,""49"":35,""224"":""AC8="",""225"":177261,""226"":0,""227"":281474976710656,""228"":0,""229"":0,""230"":0,""231"":0}",0.0,1879364340897329154,25.36701947106618,0.0,0.0
1764211262000,2025-11-27 10:41:02.000,104.21491,35.931756,104.20830945692995,35.9260078009324,104.205615,35.926227,0.0,339.0,17735.8,1.0,1,612042023200066,"{""1"":177358,""3"":0,""37"":16,""48"":80,""49"":34,""224"":""AC8="",""225"":177358,""226"":0,""227"":282574488338432,""228"":0,""229"":1639,""230"":0,""231"":0}",0.0,1879347316192227330,31.029180144247984,0.0,0.0
1764211262000,2025-11-27 10:41:02.000,104.214675,35.932229,104.20807482385266,35.9264782606252,104.205415,35.926688,1.0,0.0,20212.8,1.0,1,612042023200098,"{""1"":202128,""3"":0,""37"":0,""48"":80,""49"":20,""224"":""AC8="",""225"":202128,""226"":0,""227"":281474976710656,""228"":0,""229"":0,""230"":0,""231"":0}",0.143,1879353494011949057,0.0,0.0,0.0
1764211262000,2025-11-27 10:41:02.000,104.21499,35.931606,104.20838833445588,35.92585864891449,104.20573,35.926071,0.0,0.0,14783.7,1.0,1,612042023200085,"{""1"":147837,""3"":0,""37"":0,""48"":80,""49"":28,""224"":""AC8="",""225"":147837,""226"":0,""227"":281474976710656,""228"":0,""229"":0,""230"":0,""231"":0}",0.0,1879358279721201665,18.04173318299407,0.0,0.0
1764211262000,2025-11-27 10:41:02.000,104.214792,35.93202,104.20819164238392,35.926270038082826,104.205512,35.926484,0.0,0.0,17726.1,1.0,1,612042023200080,"{""1"":177261,""3"":0,""37"":0,""48"":80,""49"":35,""224"":""AC8="",""225"":177261,""226"":0,""227"":281474976710656,""228"":0,""229"":0,""230"":0,""231"":0}",0.0,1879364340897329154,25.430620903894862,0.0,0.0
1764211263000,2025-11-27 10:41:03.000,104.21491,35.931756,104.20830945692995,35.9260078009324,104.205615,35.926227,0.0,339.0,17735.8,1.0,1,612042023200066,"{""1"":177358,""3"":0,""37"":16,""48"":80,""49"":34,""224"":""AC8="",""225"":177358,""226"":0,""227"":282574488338432,""228"":0,""229"":1639,""230"":0,""231"":0}",0.0,1879347316192227330,31.029180144247984,0.0,0.0
1764211263000,2025-11-27 10:41:03.000,104.214675,35.932229,104.20807482385266,35.9264782606252,104.205415,35.926688,0.0,0.0,20212.8,1.0,1,612042023200098,"{""1"":202128,""3"":0,""37"":0,""48"":80,""49"":20,""224"":""AC8="",""225"":202128,""226"":0,""227"":281474976710656,""228"":0,""229"":0,""230"":0,""231"":0}",0.0,1879353494011949057,0.0,0.0,0.0
1764211263000,2025-11-27 10:41:03.000,104.21499,35.931606,104.20838833445588,35.92585864891449,104.205729,35.926071,0.0,0.0,14783.7,1.0,1,612042023200085,"{""1"":147837,""3"":0,""37"":0,""48"":80,""49"":28,""224"":""AC8="",""225"":147837,""226"":0,""227"":281474976710656,""228"":0,""229"":0,""230"":0,""231"":0}",0.0,1879358279721201665,18.04173318299407,0.0,0.0
1764211263000,2025-11-27 10:41:03.000,104.214792,35.93202,104.20819164238392,35.926270038082826,104.205512,35.926484,0.0,0.0,17726.1,1.0,1,612042023200080,"{""1"":177261,""3"":0,""37"":0,""48"":80,""49"":35,""224"":""AC8="",""225"":177261,""226"":0,""227"":281474976710656,""228"":0,""229"":0,""230"":0,""231"":0}",0.0,1879364340897329154,25.430620903894862,0.0,0.0
1764211264000,2025-11-27 10:41:04.000,104.21491,35.931756,104.20830945692995,35.9260078009324,104.205616,35.926227,0.0,339.0,17735.8,1.0,1,612042023200066,"{""1"":177358,""3"":0,""37"":16,""48"":80,""49"":34,""224"":""AC8="",""225"":177358,""226"":0,""227"":282574488338432,""228"":0,""229"":1639,""230"":0,""231"":0}",0.0,1879347316192227330,31.029180144247984,0.0,0.0
1764211264000,2025-11-27 10:41:04.000,104.214676,35.932228,104.20807582234248,35.926477258915526,104.205416,35.926687,1.0,0.0,20212.8,1.0,1,612042023200098,"{""1"":202128,""3"":0,""37"":0,""48"":80,""49"":19,""224"":""AC8="",""225"":202128,""226"":0,""227"":281474976710656,""228"":0,""229"":0,""230"":0,""231"":0}",0.143,1879353494011949057,0.0,0.0,0.0
1764211264000,2025-11-27 10:41:04.000,104.21499,35.931606,104.20838833445588,35.92585864891449,104.205729,35.926071,0.0,0.0,14783.7,1.0,1,612042023200085,"{""1"":147837,""3"":0,""37"":0,""48"":80,""49"":28,""224"":""AC8="",""225"":147837,""226"":0,""227"":281474976710656,""228"":0,""229"":0,""230"":0,""231"":0}",0.0,1879358279721201665,18.04173318299407,0.0,0.0
1764211264000,2025-11-27 10:41:04.000,104.214792,35.93202,104.20819164238392,35.926270038082826,104.205512,35.926484,0.0,0.0,17726.1,1.0,1,612042023200080,"{""1"":177261,""3"":0,""37"":0,""48"":80,""49"":35,""224"":""AC8="",""225"":177261,""226"":0,""227"":281474976710656,""228"":0,""229"":0,""230"":0,""231"":0}",0.0,1879364340897329154,25.292048621332146,0.0,0.0
1764211265000,2025-11-27 10:41:05.000,104.21491,35.931756,104.20830945692995,35.9260078009324,104.205616,35.926227,0.0,339.0,17735.8,1.0,1,612042023200066,"{""1"":177358,""3"":0,""37"":16,""48"":80,""49"":33,""224"":""AC8="",""225"":177358,""226"":0,""227"":282574488338432,""228"":0,""229"":1639,""230"":0,""231"":0}",0.0,1879347316192227330,31.029180144247984,0.0,0.0
1764211265000,2025-11-27 10:41:05.000,104.214676,35.932228,104.20807582234248,35.926477258915526,104.205416,35.926687,1.0,0.0,20212.8,1.0,1,612042023200098,"{""1"":202128,""3"":0,""37"":0,""48"":80,""49"":19,""224"":""AC8="",""225"":202128,""226"":0,""227"":281474976710656,""228"":0,""229"":0,""230"":0,""231"":0}",0.0,1879353494011949057,0.0,0.0,0.0
1764211265000,2025-11-27 10:41:05.000,104.21499,35.931606,104.20838833445588,35.92585864891449,104.205728,35.92607,0.0,0.0,14783.7,1.0,1,612042023200085,"{""1"":147837,""3"":0,""37"":0,""48"":80,""49"":28,""224"":""AC8="",""225"":147837,""226"":0,""227"":281474976710656,""228"":0,""229"":0,""230"":0,""231"":0}",0.0,1879358279721201665,18.04173318299407,0.0,0.0
1764211265000,2025-11-27 10:41:05.000,104.214792,35.93202,104.20819164238392,35.926270038082826,104.205512,35.926483,0.0,0.0,17726.1,1.0,1,612042023200080,"{""1"":177261,""3"":0,""37"":0,""48"":80,""49"":36,""224"":""AC8="",""225"":177261,""226"":0,""227"":281474976710656,""228"":0,""229"":0,""230"":0,""231"":0}",0.0,1879364340897329154,25.292048621332146,0.0,0.0
1764211266000,2025-11-27 10:41:06.000,104.21491,35.931756,104.20830945692995,35.9260078009324,104.205616,35.926227,0.0,339.0,17735.8,1.0,1,612042023200066,"{""1"":177358,""3"":0,""37"":16,""48"":80,""49"":34,""224"":""AC8="",""225"":177358,""226"":0,""227"":282574488338432,""228"":0,""229"":1639,""230"":0,""231"":0}",0.0,1879347316192227330,31.029180144247984,0.0,0.0
1764211266000,2025-11-27 10:41:06.000,104.214675,35.932228,104.20807482379789,35.926477260376174,104.205415,35.926687,1.0,0.0,20212.8,1.0,1,612042023200098,"{""1"":202128,""3"":0,""37"":0,""48"":80,""49"":19,""224"":""AC8="",""225"":202128,""226"":0,""227"":281474976710656,""228"":0,""229"":0,""230"":0,""231"":0}",0.09,1879353494011949057,0.0,0.0,0.0
1764211266000,2025-11-27 10:41:06.000,104.21499,35.931606,104.20838833445588,35.92585864891449,104.205728,35.92607,0.0,0.0,14783.7,1.0,1,612042023200085,"{""1"":147837,""3"":0,""37"":0,""48"":80,""49"":28,""224"":""AC8="",""225"":147837,""226"":0,""227"":281474976710656,""228"":0,""229"":0,""230"":0,""231"":0}",0.0,1879358279721201665,18.04173318299407,0.0,0.0
1764211266000,2025-11-27 10:41:06.000,104.214792,35.93202,104.20819164238392,35.926270038082826,104.205512,35.926483,0.0,0.0,17726.1,1.0,1,612042023200080,"{""1"":177261,""3"":0,""37"":0,""48"":80,""49"":36,""224"":""AC8="",""225"":177261,""226"":0,""227"":281474976710656,""228"":0,""229"":0,""230"":0,""231"":0}",0.0,1879364340897329154,25.32940220519851,0.0,0.0
1764211267000,2025-11-27 10:41:07.000,104.21491,35.931756,104.20830945692995,35.9260078009324,104.205616,35.926227,0.0,339.0,17735.8,1.0,1,612042023200066,"{""1"":177358,""3"":0,""37"":16,""48"":80,""49"":33,""224"":""AC8="",""225"":177358,""226"":0,""227"":282574488338432,""228"":0,""229"":1639,""230"":0,""231"":0}",0.0,1879347316192227330,31.029180144247984,0.0,0.0
1764211267000,2025-11-27 10:41:07.000,104.214676,35.932227,104.2080758222877,35.92647625866649,104.205416,35.926686,1.0,0.0,20212.8,1.0,1,612042023200098,"{""1"":202128,""3"":0,""37"":0,""48"":80,""49"":20,""224"":""AC8="",""225"":202128,""226"":0,""227"":281474976710656,""228"":0,""229"":0,""230"":0,""231"":0}",0.143,1879353494011949057,0.0,0.0,0.0
1764211267000,2025-11-27 10:41:07.000,104.21499,35.931606,104.20838833445588,35.92585864891449,104.205728,35.92607,0.0,0.0,14783.7,1.0,1,612042023200085,"{""1"":147837,""3"":0,""37"":0,""48"":80,""49"":28,""224"":""AC8="",""225"":147837,""226"":0,""227"":281474976710656,""228"":0,""229"":0,""230"":0,""231"":0}",0.0,1879358279721201665,18.04173318299407,0.0,0.0
1764211267000,2025-11-27 10:41:07.000,104.214792,35.93202,104.20819164238392,35.926270038082826,104.205512,35.926483,0.0,0.0,17726.1,1.0,1,612042023200080,"{""1"":177261,""3"":0,""37"":0,""48"":80,""49"":36,""224"":""AC8="",""225"":177261,""226"":0,""227"":281474976710656,""228"":0,""229"":0,""230"":0,""231"":0}",0.0,1879364340897329154,25.190764897653576,0.0,0.0
1764211268000,2025-11-27 10:41:08.000,104.21491,35.931756,104.20830945692995,35.9260078009324,104.205616,35.926227,0.0,339.0,17735.8,1.0,1,612042023200066,"{""1"":177358,""3"":0,""37"":16,""48"":80,""49"":33,""224"":""AC8="",""225"":177358,""226"":0,""227"":282574488338432,""228"":0,""229"":1639,""230"":0,""231"":0}",0.0,1879347316192227330,31.029180144247984,0.0,0.0
1764211268000,2025-11-27 10:41:08.000,104.214675,35.932226,104.20807482368836,35.92647525987811,104.205415,35.926685,3.0,219.0,20212.8,1.0,1,612042023200098,"{""1"":202128,""3"":0,""37"":0,""48"":80,""49"":20,""224"":""AC8="",""225"":202128,""226"":0,""227"":281474976710656,""228"":0,""229"":0,""230"":0,""231"":0}",0.143,1879353494011949057,0.0,0.0,0.0
1764211268000,2025-11-27 10:41:08.000,104.21499,35.931606,104.20838833445588,35.92585864891449,104.205727,35.92607,0.0,0.0,14783.7,1.0,1,612042023200085,"{""1"":147837,""3"":0,""37"":0,""48"":80,""49"":28,""224"":""AC8="",""225"":147837,""226"":0,""227"":281474976710656,""228"":0,""229"":0,""230"":0,""231"":0}",0.0,1879358279721201665,18.04173318299407,0.0,0.0
1764211268000,2025-11-27 10:41:08.000,104.214792,35.93202,104.20819164238392,35.926270038082826,104.205512,35.926483,0.0,0.0,17726.1,1.0,1,612042023200080,"{""1"":177261,""3"":0,""37"":0,""48"":80,""49"":36,""224"":""AC8="",""225"":177261,""226"":0,""227"":281474976710656,""228"":0,""229"":0,""230"":0,""231"":0}",0.0,1879364340897329154,25.12721854610559,0.0,0.0
1764211269000,2025-11-27 10:41:09.000,104.21491,35.931756,104.20830945692995,35.9260078009324,104.205616,35.926227,0.0,339.0,17735.8,1.0,1,612042023200066,"{""1"":177358,""3"":0,""37"":16,""48"":80,""49"":33,""224"":""AC8="",""225"":177358,""226"":0,""227"":282574488338432,""228"":0,""229"":1639,""230"":0,""231"":0}",0.0,1879347316192227330,31.029180144247984,0.0,0.0
1764211269000,2025-11-27 10:41:09.000,104.214674,35.932227,104.20807382519858,35.92647626158781,104.205414,35.926686,1.0,0.0,20212.8,1.0,1,612042023200098,"{""1"":202128,""3"":0,""37"":0,""48"":80,""49"":19,""224"":""AC8="",""225"":202128,""226"":0,""227"":281474976710656,""228"":0,""229"":0,""230"":0,""231"":0}",0.143,1879353494011949057,0.0,0.0,0.0
1764211269000,2025-11-27 10:41:09.000,104.21499,35.931606,104.20838833445588,35.92585864891449,104.205727,35.92607,0.0,0.0,14783.7,1.0,1,612042023200085,"{""1"":147837,""3"":0,""37"":0,""48"":80,""49"":28,""224"":""AC8="",""225"":147837,""226"":0,""227"":281474976710656,""228"":0,""229"":0,""230"":0,""231"":0}",0.0,1879358279721201665,18.04173318299407,0.0,0.0
1764211269000,2025-11-27 10:41:09.000,104.214792,35.93202,104.20819164238392,35.926270038082826,104.205512,35.926483,0.0,0.0,17726.1,1.0,1,612042023200080,"{""1"":177261,""3"":0,""37"":0,""48"":80,""49"":36,""224"":""AC8="",""225"":177261,""226"":0,""227"":281474976710656,""228"":0,""229"":0,""230"":0,""231"":0}",0.0,1879364340897329154,25.266034890227907,0.0,0.0
1764211270000,2025-11-27 10:41:10.000,104.21491,35.931756,104.20830945692995,35.9260078009324,104.205616,35.926226,0.0,339.0,17735.8,1.0,1,612042023200066,"{""1"":177358,""3"":0,""37"":16,""48"":80,""49"":33,""224"":""AC8="",""225"":177358,""226"":0,""227"":282574488338432,""228"":0,""229"":1639,""230"":0,""231"":0}",0.0,1879347316192227330,31.029180144247984,0.0,0.0
1764211270000,2025-11-27 10:41:10.000,104.214673,35.932228,104.2080728267088,35.92647726329754,104.205413,35.926687,1.0,0.0,20212.8,1.0,1,612042023200098,"{""1"":202128,""3"":0,""37"":0,""48"":80,""49"":19,""224"":""AC8="",""225"":202128,""226"":0,""227"":281474976710656,""228"":0,""229"":0,""230"":0,""231"":0}",0.143,1879353494011949057,0.0,0.0,0.0
1764211270000,2025-11-27 10:41:10.000,104.21499,35.931606,104.20838833445588,35.92585864891449,104.205727,35.92607,0.0,0.0,14783.7,1.0,1,612042023200085,"{""1"":147837,""3"":0,""37"":0,""48"":80,""49"":29,""224"":""AC8="",""225"":147837,""226"":0,""227"":281474976710656,""228"":0,""229"":0,""230"":0,""231"":0}",0.0,1879358279721201665,18.04173318299407,0.0,0.0
1764211270000,2025-11-27 10:41:10.000,104.214792,35.93202,104.20819164238392,35.926270038082826,104.205512,35.926483,0.0,0.0,17726.1,1.0,1,612042023200080,"{""1"":177261,""3"":0,""37"":0,""48"":80,""49"":36,""224"":""AC8="",""225"":177261,""226"":0,""227"":281474976710656,""228"":0,""229"":0,""230"":0,""231"":0}",0.0,1879364340897329154,25.404899252585697,0.0,0.0
1764211271000,2025-11-27 10:41:11.000,104.21491,35.931756,104.20830945692995,35.9260078009324,104.205617,35.926226,0.0,339.0,17735.8,1.0,1,612042023200066,"{""1"":177358,""3"":0,""37"":16,""48"":80,""49"":33,""224"":""AC8="",""225"":177358,""226"":0,""227"":282574488338432,""228"":0,""229"":1639,""230"":0,""231"":0}",0.0,1879347316192227330,31.029180144247984,0.0,0.0
1764211271000,2025-11-27 10:41:11.000,104.214673,35.932229,104.20807282676358,35.926478263546564,104.205413,35.926688,1.0,0.0,20212.8,1.0,1,612042023200098,"{""1"":202128,""3"":0,""37"":0,""48"":80,""49"":20,""224"":""AC8="",""225"":202128,""226"":0,""227"":281474976710656,""228"":0,""229"":0,""230"":0,""231"":0}",0.111,1879353494011949057,0.0,0.0,0.0
1764211271000,2025-11-27 10:41:11.000,104.21499,35.931606,104.20838833445588,35.92585864891449,104.205727,35.92607,0.0,0.0,14783.7,1.0,1,612042023200085,"{""1"":147837,""3"":0,""37"":0,""48"":80,""49"":29,""224"":""AC8="",""225"":147837,""226"":0,""227"":281474976710656,""228"":0,""229"":0,""230"":0,""231"":0}",0.0,1879358279721201665,18.04173318299407,0.0,0.0
1764211271000,2025-11-27 10:41:11.000,104.214792,35.93202,104.20819164238392,35.926270038082826,104.205512,35.926483,0.0,0.0,17726.1,1.0,1,612042023200080,"{""1"":177261,""3"":0,""37"":0,""48"":80,""49"":36,""224"":""AC8="",""225"":177261,""226"":0,""227"":281474976710656,""228"":0,""229"":0,""230"":0,""231"":0}",0.0,1879364340897329154,25.505819725946992,0.0,0.0
1764211272000,2025-11-27 10:41:12.000,104.21491,35.931756,104.20830945692995,35.9260078009324,104.205617,35.926226,0.0,339.0,17735.8,1.0,1,612042023200066,"{""1"":177358,""3"":0,""37"":16,""48"":80,""49"":33,""224"":""AC8="",""225"":177358,""226"":0,""227"":282574488338432,""228"":0,""229"":1639,""230"":0,""231"":0}",0.0,1879347316192227330,31.029180144247984,0.0,0.0
1764211272000,2025-11-27 10:41:12.000,104.214673,35.932231,104.20807282687312,35.92648026404463,104.205413,35.92669,1.0,0.0,20212.8,1.0,1,612042023200098,"{""1"":202128,""3"":0,""37"":0,""48"":80,""49"":20,""224"":""AC8="",""225"":202128,""226"":0,""227"":281474976710656,""228"":0,""229"":0,""230"":0,""231"":0}",0.222,1879353494011949057,0.0,0.0,0.0
1764211272000,2025-11-27 10:41:12.000,104.21499,35.931606,104.20838833445588,35.92585864891449,104.205727,35.92607,0.0,0.0,14783.7,1.0,1,612042023200085,"{""1"":147837,""3"":0,""37"":0,""48"":80,""49"":29,""224"":""AC8="",""225"":147837,""226"":0,""227"":281474976710656,""228"":0,""229"":0,""230"":0,""231"":0}",0.0,1879358279721201665,18.04173318299407,0.0,0.0
1764211272000,2025-11-27 10:41:12.000,104.214792,35.93202,104.20819164238392,35.926270038082826,104.205512,35.926483,0.0,0.0,17726.1,1.0,1,612042023200080,"{""1"":177261,""3"":0,""37"":0,""48"":80,""49"":36,""224"":""AC8="",""225"":177261,""226"":0,""227"":281474976710656,""228"":0,""229"":0,""230"":0,""231"":0}",0.0,1879364340897329154,25.70791571866131,0.0,0.0
1764211273000,2025-11-27 10:41:13.000,104.21491,35.931756,104.20830945692995,35.9260078009324,104.205617,35.926226,0.0,339.0,17735.8,1.0,1,612042023200066,"{""1"":177358,""3"":0,""37"":16,""48"":80,""49"":33,""224"":""AC8="",""225"":177358,""226"":0,""227"":282574488338432,""228"":0,""229"":1639,""230"":0,""231"":0}",0.0,1879347316192227330,31.029180144247984,0.0,0.0
1764211273000,2025-11-27 10:41:13.000,104.214673,35.93223,104.20807282681837,35.9264792637956,104.205413,35.926689,1.0,0.0,20212.8,1.0,1,612042023200098,"{""1"":202128,""3"":0,""37"":0,""48"":80,""49"":20,""224"":""AC8="",""225"":202128,""226"":0,""227"":281474976710656,""228"":0,""229"":0,""230"":0,""231"":0}",0.111,1879353494011949057,0.0,0.0,0.0
1764211273000,2025-11-27 10:41:13.000,104.21499,35.931606,104.20838833445588,35.92585864891449,104.205727,35.92607,0.0,0.0,14783.7,1.0,1,612042023200085,"{""1"":147837,""3"":0,""37"":0,""48"":80,""49"":29,""224"":""AC8="",""225"":147837,""226"":0,""227"":281474976710656,""228"":0,""229"":0,""230"":0,""231"":0}",0.0,1879358279721201665,18.04173318299407,0.0,0.0
1764211273000,2025-11-27 10:41:13.000,104.214792,35.93202,104.20819164238392,35.926270038082826,104.205512,35.926483,0.0,0.0,17726.1,1.0,1,612042023200080,"{""1"":177261,""3"":0,""37"":0,""48"":80,""49"":36,""224"":""AC8="",""225"":177261,""226"":0,""227"":281474976710656,""228"":0,""229"":0,""230"":0,""231"":0}",0.0,1879364340897329154,25.606825550337717,0.0,0.0
1764211274000,2025-11-27 10:41:14.000,104.21491,35.931756,104.20830945692995,35.9260078009324,104.205617,35.926226,0.0,339.0,17735.8,1.0,1,612042023200066,"{""1"":177358,""3"":0,""37"":16,""48"":80,""49"":33,""224"":""AC8="",""225"":177358,""226"":0,""227"":282574488338432,""228"":0,""229"":1639,""230"":0,""231"":0}",0.0,1879347316192227330,31.029180144247984,0.0,0.0
1764211274000,2025-11-27 10:41:14.000,104.214674,35.932229,104.20807382530812,35.92647826208587,104.205414,35.926688,1.0,0.0,20212.8,1.0,1,612042023200098,"{""1"":202128,""3"":0,""37"":0,""48"":80,""49"":20,""224"":""AC8="",""225"":202128,""226"":0,""227"":281474976710656,""228"":0,""229"":0,""230"":0,""231"":0}",0.143,1879353494011949057,0.0,0.0,0.0
1764211274000,2025-11-27 10:41:14.000,104.21499,35.931606,104.20838833445588,35.92585864891449,104.205727,35.92607,0.0,0.0,14783.7,1.0,1,612042023200085,"{""1"":147837,""3"":0,""37"":0,""48"":80,""49"":29,""224"":""AC8="",""225"":147837,""226"":0,""227"":281474976710656,""228"":0,""229"":0,""230"":0,""231"":0}",0.0,1879358279721201665,18.04173318299407,0.0,0.0
1764211274000,2025-11-27 10:41:14.000,104.214792,35.93202,104.20819164238392,35.926270038082826,104.205512,35.926483,0.0,0.0,17726.1,1.0,1,612042023200080,"{""1"":177261,""3"":0,""37"":0,""48"":80,""49"":36,""224"":""AC8="",""225"":177261,""226"":0,""227"":281474976710656,""228"":0,""229"":0,""230"":0,""231"":0}",0.0,1879364340897329154,25.468089358568328,0.0,0.0
1764211275000,2025-11-27 10:41:15.000,104.21491,35.931756,104.20830945692995,35.9260078009324,104.205617,35.926226,0.0,339.0,17735.8,1.0,1,612042023200066,"{""1"":177358,""3"":0,""37"":16,""48"":80,""49"":33,""224"":""AC8="",""225"":177358,""226"":0,""227"":282574488338432,""228"":0,""229"":1639,""230"":0,""231"":0}",0.0,1879347316192227330,31.029180144247984,0.0,0.0
1764211275000,2025-11-27 10:41:15.000,104.214674,35.932229,104.20807382530812,35.92647826208587,104.205414,35.926689,0.0,0.0,20212.8,1.0,1,612042023200098,"{""1"":202128,""3"":0,""37"":0,""48"":80,""49"":20,""224"":""AC8="",""225"":202128,""226"":0,""227"":281474976710656,""228"":0,""229"":0,""230"":0,""231"":0}",0.0,1879353494011949057,0.0,0.0,0.0
1764211275000,2025-11-27 10:41:15.000,104.21499,35.931606,104.20838833445588,35.92585864891449,104.205727,35.92607,0.0,0.0,14783.7,1.0,1,612042023200085,"{""1"":147837,""3"":0,""37"":0,""48"":80,""49"":29,""224"":""AC8="",""225"":147837,""226"":0,""227"":281474976710656,""228"":0,""229"":0,""230"":0,""231"":0}",0.0,1879358279721201665,18.04173318299407,0.0,0.0
1764211275000,2025-11-27 10:41:15.000,104.214792,35.93202,104.20819164238392,35.926270038082826,104.205512,35.926483,0.0,0.0,17726.1,1.0,1,612042023200080,"{""1"":177261,""3"":0,""37"":0,""48"":80,""49"":36,""224"":""AC8="",""225"":177261,""226"":0,""227"":281474976710656,""228"":0,""229"":0,""230"":0,""231"":0}",0.0,1879364340897329154,25.468089358568328,0.0,0.0
1764211276000,2025-11-27 10:41:16.000,104.21491,35.931756,104.20830945692995,35.9260078009324,104.205618,35.926226,0.0,339.0,17735.8,1.0,1,612042023200066,"{""1"":177358,""3"":0,""37"":16,""48"":80,""49"":33,""224"":""AC8="",""225"":177358,""226"":0,""227"":282574488338432,""228"":0,""229"":1639,""230"":0,""231"":0}",0.0,1879347316192227330,31.029180144247984,0.0,0.0
1764211276000,2025-11-27 10:41:16.000,104.214673,35.932229,104.20807282676358,35.926478263546564,104.205413,35.926688,2.0,0.0,20212.8,1.0,1,612042023200098,"{""1"":202128,""3"":0,""37"":0,""48"":80,""49"":20,""224"":""AC8="",""225"":202128,""226"":0,""227"":281474976710656,""228"":0,""229"":0,""230"":0,""231"":0}",0.09,1879353494011949057,0.0,0.0,0.0
1764211276000,2025-11-27 10:41:16.000,104.21499,35.931606,104.20838833445588,35.92585864891449,104.205727,35.92607,0.0,0.0,14783.7,1.0,1,612042023200085,"{""1"":147837,""3"":0,""37"":0,""48"":80,""49"":29,""224"":""AC8="",""225"":147837,""226"":0,""227"":281474976710656,""228"":0,""229"":0,""230"":0,""231"":0}",0.0,1879358279721201665,18.04173318299407,0.0,0.0
1764211276000,2025-11-27 10:41:16.000,104.214792,35.93202,104.20819164238392,35.926270038082826,104.205512,35.926483,0.0,0.0,17726.1,1.0,1,612042023200080,"{""1"":177261,""3"":0,""37"":0,""48"":80,""49"":36,""224"":""AC8="",""225"":177261,""226"":0,""227"":281474976710656,""228"":0,""229"":0,""230"":0,""231"":0}",0.0,1879364340897329154,25.505819725946992,0.0,0.0
1764211277000,2025-11-27 10:41:17.000,104.21491,35.931756,104.20830945692995,35.9260078009324,104.205618,35.926226,0.0,339.0,17735.8,1.0,1,612042023200066,"{""1"":177358,""3"":0,""37"":16,""48"":80,""49"":33,""224"":""AC8="",""225"":177358,""226"":0,""227"":282574488338432,""228"":0,""229"":1639,""230"":0,""231"":0}",0.0,1879347316192227330,31.029180144247984,0.0,0.0
1764211277000,2025-11-27 10:41:17.000,104.214673,35.932229,104.20807282676358,35.926478263546564,104.205414,35.926687,0.0,0.0,20212.8,1.0,1,612042023200098,"{""1"":202128,""3"":0,""37"":0,""48"":80,""49"":19,""224"":""AC8="",""225"":202128,""226"":0,""227"":281474976710656,""228"":0,""229"":0,""230"":0,""231"":0}",0.0,1879353494011949057,0.0,0.0,0.0
1764211277000,2025-11-27 10:41:17.000,104.21499,35.931606,104.20838833445588,35.92585864891449,104.205727,35.92607,0.0,0.0,14783.7,1.0,1,612042023200085,"{""1"":147837,""3"":0,""37"":0,""48"":80,""49"":29,""224"":""AC8="",""225"":147837,""226"":0,""227"":281474976710656,""228"":0,""229"":0,""230"":0,""231"":0}",0.0,1879358279721201665,18.04173318299407,0.0,0.0
1764211277000,2025-11-27 10:41:17.000,104.214792,35.93202,104.20819164238392,35.926270038082826,104.205512,35.926483,0.0,0.0,17726.1,1.0,1,612042023200080,"{""1"":177261,""3"":0,""37"":0,""48"":80,""49"":36,""224"":""AC8="",""225"":177261,""226"":0,""227"":281474976710656,""228"":0,""229"":0,""230"":0,""231"":0}",0.0,1879364340897329154,25.505819725946992,0.0,0.0
1764211278000,2025-11-27 10:41:18.000,104.21491,35.931756,104.20830945692995,35.9260078009324,104.205618,35.926226,0.0,339.0,17735.8,1.0,1,612042023200066,"{""1"":177358,""3"":0,""37"":16,""48"":80,""49"":33,""224"":""AC8="",""225"":177358,""226"":0,""227"":282574488338432,""228"":0,""229"":1639,""230"":0,""231"":0}",0.0,1879347316192227330,31.029180144247984,0.0,0.0
1764211278000,2025-11-27 10:41:18.000,104.214673,35.932229,104.20807282676358,35.926478263546564,104.205414,35.926688,0.0,0.0,20212.8,1.0,1,612042023200098,"{""1"":202128,""3"":0,""37"":0,""48"":80,""49"":19,""224"":""AC8="",""225"":202128,""226"":0,""227"":281474976710656,""228"":0,""229"":0,""230"":0,""231"":0}",0.0,1879353494011949057,0.0,0.0,0.0
1764211278000,2025-11-27 10:41:18.000,104.21499,35.931606,104.20838833445588,35.92585864891449,104.205727,35.92607,0.0,0.0,14783.7,1.0,1,612042023200085,"{""1"":147837,""3"":0,""37"":0,""48"":80,""49"":29,""224"":""AC8="",""225"":147837,""226"":0,""227"":281474976710656,""228"":0,""229"":0,""230"":0,""231"":0}",0.0,1879358279721201665,18.04173318299407,0.0,0.0
1764211278000,2025-11-27 10:41:18.000,104.214792,35.93202,104.20819164238392,35.926270038082826,104.205512,35.926483,0.0,0.0,17726.1,1.0,1,612042023200080,"{""1"":177261,""3"":0,""37"":0,""48"":80,""49"":36,""224"":""AC8="",""225"":177261,""226"":0,""227"":281474976710656,""228"":0,""229"":0,""230"":0,""231"":0}",0.0,1879364340897329154,25.505819725946992,0.0,0.0
1764211279000,2025-11-27 10:41:19.000,104.21491,35.931756,104.20830945692995,35.9260078009324,104.205618,35.926226,0.0,339.0,17735.8,1.0,1,612042023200066,"{""1"":177358,""3"":0,""37"":16,""48"":80,""49"":33,""224"":""AC8="",""225"":177358,""226"":0,""227"":282574488338432,""228"":0,""229"":1639,""230"":0,""231"":0}",0.0,1879347316192227330,31.029180144247984,0.0,0.0
1764211279000,2025-11-27 10:41:19.000,104.214674,35.93223,104.20807382536287,35.92647926233491,104.205414,35.926689,1.0,0.0,20212.8,1.0,1,612042023200098,"{""1"":202128,""3"":0,""37"":0,""48"":80,""49"":20,""224"":""AC8="",""225"":202128,""226"":0,""227"":281474976710656,""228"":0,""229"":0,""230"":0,""231"":0}",0.143,1879353494011949057,0.0,0.0,0.0
1764211279000,2025-11-27 10:41:19.000,104.21499,35.931606,104.20838833445588,35.92585864891449,104.205727,35.926071,0.0,0.0,14783.7,1.0,1,612042023200085,"{""1"":147837,""3"":0,""37"":0,""48"":80,""49"":29,""224"":""AC8="",""225"":147837,""226"":0,""227"":281474976710656,""228"":0,""229"":0,""230"":0,""231"":0}",0.0,1879358279721201665,18.04173318299407,0.0,0.0
1764211279000,2025-11-27 10:41:19.000,104.214792,35.93202,104.20819164238392,35.926270038082826,104.205512,35.926483,0.0,0.0,17726.1,1.0,1,612042023200080,"{""1"":177261,""3"":0,""37"":0,""48"":80,""49"":36,""224"":""AC8="",""225"":177261,""226"":0,""227"":281474976710656,""228"":0,""229"":0,""230"":0,""231"":0}",0.0,1879364340897329154,25.569243541501688,0.0,0.0
1764211280000,2025-11-27 10:41:20.000,104.21491,35.931756,104.20830945692995,35.9260078009324,104.205618,35.926226,0.0,339.0,17735.8,1.0,1,612042023200066,"{""1"":177358,""3"":0,""37"":16,""48"":80,""49"":33,""224"":""AC8="",""225"":177358,""226"":0,""227"":282574488338432,""228"":0,""229"":1639,""230"":0,""231"":0}",0.0,1879347316192227330,31.029180144247984,0.0,0.0
1764211280000,2025-11-27 10:41:20.000,104.214674,35.93223,104.20807382536287,35.92647926233491,104.205414,35.926688,0.0,0.0,20212.8,1.0,1,612042023200098,"{""1"":202128,""3"":0,""37"":0,""48"":80,""49"":19,""224"":""AC8="",""225"":202128,""226"":0,""227"":281474976710656,""228"":0,""229"":0,""230"":0,""231"":0}",0.0,1879353494011949057,0.0,0.0,0.0
1764211280000,2025-11-27 10:41:20.000,104.21499,35.931606,104.20838833445588,35.92585864891449,104.205727,35.92607,0.0,0.0,14783.7,1.0,1,612042023200085,"{""1"":147837,""3"":0,""37"":0,""48"":80,""49"":29,""224"":""AC8="",""225"":147837,""226"":0,""227"":281474976710656,""228"":0,""229"":0,""230"":0,""231"":0}",0.0,1879358279721201665,18.04173318299407,0.0,0.0
1764211280000,2025-11-27 10:41:20.000,104.214792,35.93202,104.20819164238392,35.926270038082826,104.205511,35.926483,0.0,0.0,17726.1,1.0,1,612042023200080,"{""1"":177261,""3"":0,""37"":0,""48"":80,""49"":36,""224"":""AC8="",""225"":177261,""226"":0,""227"":281474976710656,""228"":0,""229"":0,""230"":0,""231"":0}",0.0,1879364340897329154,25.569243541501688,0.0,0.0
1764211281000,2025-11-27 10:41:21.000,104.21491,35.931756,104.20830945692995,35.9260078009324,104.205619,35.926226,0.0,339.0,17735.8,1.0,1,612042023200066,"{""1"":177358,""3"":0,""37"":16,""48"":80,""49"":33,""224"":""AC8="",""225"":177358,""226"":0,""227"":282574488338432,""228"":0,""229"":1639,""230"":0,""231"":0}",0.0,1879347316192227330,31.029180144247984,0.0,0.0
1764211281000,2025-11-27 10:41:21.000,104.214674,35.932229,104.20807382530812,35.92647826208587,104.205414,35.926688,1.0,0.0,20212.8,1.0,1,612042023200098,"{""1"":202128,""3"":0,""37"":0,""48"":80,""49"":19,""224"":""AC8="",""225"":202128,""226"":0,""227"":281474976710656,""228"":0,""229"":0,""230"":0,""231"":0}",0.111,1879353494011949057,0.0,0.0,0.0
1764211281000,2025-11-27 10:41:21.000,104.21499,35.931606,104.20838833445588,35.92585864891449,104.205727,35.926071,0.0,0.0,14783.7,1.0,1,612042023200085,"{""1"":147837,""3"":0,""37"":0,""48"":80,""49"":29,""224"":""AC8="",""225"":147837,""226"":0,""227"":281474976710656,""228"":0,""229"":0,""230"":0,""231"":0}",0.0,1879358279721201665,18.04173318299407,0.0,0.0
1764211281000,2025-11-27 10:41:21.000,104.214792,35.93202,104.20819164238392,35.926270038082826,104.205511,35.926483,0.0,0.0,17726.1,1.0,1,612042023200080,"{""1"":177261,""3"":0,""37"":0,""48"":80,""49"":36,""224"":""AC8="",""225"":177261,""226"":0,""227"":281474976710656,""228"":0,""229"":0,""230"":0,""231"":0}",0.0,1879364340897329154,25.468089358568328,0.0,0.0
1764211282000,2025-11-27 10:41:22.000,104.21491,35.931756,104.20830945692995,35.9260078009324,104.205619,35.926226,0.0,339.0,17735.8,1.0,1,612042023200066,"{""1"":177358,""3"":0,""37"":16,""48"":80,""49"":33,""224"":""AC8="",""225"":177358,""226"":0,""227"":282574488338432,""228"":0,""229"":1639,""230"":0,""231"":0}",0.0,1879347316192227330,31.029180144247984,0.0,0.0
1764211282000,2025-11-27 10:41:22.000,104.214674,35.93223,104.20807382536287,35.92647926233491,104.205414,35.926689,1.0,0.0,20212.8,1.0,1,612042023200098,"{""1"":202128,""3"":0,""37"":0,""48"":80,""49"":19,""224"":""AC8="",""225"":202128,""226"":0,""227"":281474976710656,""228"":0,""229"":0,""230"":0,""231"":0}",0.111,1879353494011949057,0.0,0.0,0.0
1764211282000,2025-11-27 10:41:22.000,104.21499,35.931606,104.20838833445588,35.92585864891449,104.205727,35.926071,0.0,0.0,14783.7,1.0,1,612042023200085,"{""1"":147837,""3"":0,""37"":0,""48"":80,""49"":29,""224"":""AC8="",""225"":147837,""226"":0,""227"":281474976710656,""228"":0,""229"":0,""230"":0,""231"":0}",0.0,1879358279721201665,18.04173318299407,0.0,0.0
1764211282000,2025-11-27 10:41:22.000,104.214792,35.93202,104.20819164238392,35.926270038082826,104.205511,35.926483,0.0,0.0,17726.1,1.0,1,612042023200080,"{""1"":177261,""3"":0,""37"":0,""48"":80,""49"":36,""224"":""AC8="",""225"":177261,""226"":0,""227"":281474976710656,""228"":0,""229"":0,""230"":0,""231"":0}",0.0,1879364340897329154,25.569243541501688,0.0,0.0
1764211283000,2025-11-27 10:41:23.000,104.21491,35.931756,104.20830945692995,35.9260078009324,104.205619,35.926226,0.0,339.0,17735.8,1.0,1,612042023200066,"{""1"":177358,""3"":0,""37"":16,""48"":80,""49"":33,""224"":""AC8="",""225"":177358,""226"":0,""227"":282574488338432,""228"":0,""229"":1639,""230"":0,""231"":0}",0.0,1879347316192227330,31.029180144247984,0.0,0.0
1764211283000,2025-11-27 10:41:23.000,104.214674,35.93223,104.20807382536287,35.92647926233491,104.205415,35.926689,0.0,0.0,20212.8,1.0,1,612042023200098,"{""1"":202128,""3"":0,""37"":0,""48"":80,""49"":20,""224"":""AC8="",""225"":202128,""226"":0,""227"":281474976710656,""228"":0,""229"":0,""230"":0,""231"":0}",0.0,1879353494011949057,0.0,0.0,0.0
1764211283000,2025-11-27 10:41:23.000,104.21499,35.931606,104.20838833445588,35.92585864891449,104.205727,35.926071,0.0,0.0,14783.7,1.0,1,612042023200085,"{""1"":147837,""3"":0,""37"":0,""48"":80,""49"":29,""224"":""AC8="",""225"":147837,""226"":0,""227"":281474976710656,""228"":0,""229"":0,""230"":0,""231"":0}",0.0,1879358279721201665,18.04173318299407,0.0,0.0
1764211283000,2025-11-27 10:41:23.000,104.214792,35.93202,104.20819164238392,35.926270038082826,104.205511,35.926483,0.0,0.0,17726.1,1.0,1,612042023200080,"{""1"":177261,""3"":0,""37"":0,""48"":80,""49"":36,""224"":""AC8="",""225"":177261,""226"":0,""227"":281474976710656,""228"":0,""229"":0,""230"":0,""231"":0}",0.0,1879364340897329154,25.569243541501688,0.0,0.0
1764211284000,2025-11-27 10:41:24.000,104.21491,35.931756,104.20830945692995,35.9260078009324,104.205619,35.926226,0.0,339.0,17735.8,1.0,1,612042023200066,"{""1"":177358,""3"":0,""37"":16,""48"":80,""49"":34,""224"":""AC8="",""225"":177358,""226"":0,""227"":282574488338432,""228"":0,""229"":1639,""230"":0,""231"":0}",0.0,1879347316192227330,31.029180144247984,0.0,0.0
1764211284000,2025-11-27 10:41:24.000,104.214674,35.93223,104.20807382536287,35.92647926233491,104.205416,35.926689,0.0,0.0,20212.8,1.0,1,612042023200098,"{""1"":202128,""3"":0,""37"":0,""48"":80,""49"":20,""224"":""AC8="",""225"":202128,""226"":0,""227"":281474976710656,""228"":0,""229"":0,""230"":0,""231"":0}",0.0,1879353494011949057,0.0,0.0,0.0
1764211284000,2025-11-27 10:41:24.000,104.21499,35.931606,104.20838833445588,35.92585864891449,104.205727,35.926071,0.0,0.0,14783.7,1.0,1,612042023200085,"{""1"":147837,""3"":0,""37"":0,""48"":80,""49"":29,""224"":""AC8="",""225"":147837,""226"":0,""227"":281474976710656,""228"":0,""229"":0,""230"":0,""231"":0}",0.0,1879358279721201665,18.04173318299407,0.0,0.0
1764211284000,2025-11-27 10:41:24.000,104.214792,35.93202,104.20819164238392,35.926270038082826,104.205511,35.926483,0.0,0.0,17726.1,1.0,1,612042023200080,"{""1"":177261,""3"":0,""37"":0,""48"":80,""49"":36,""224"":""AC8="",""225"":177261,""226"":0,""227"":281474976710656,""228"":0,""229"":0,""230"":0,""231"":0}",0.0,1879364340897329154,25.569243541501688,0.0,0.0
1764211285000,2025-11-27 10:41:25.000,104.21491,35.931756,104.20830945692995,35.9260078009324,104.205619,35.926226,0.0,339.0,17735.8,1.0,1,612042023200066,"{""1"":177358,""3"":0,""37"":16,""48"":80,""49"":34,""224"":""AC8="",""225"":177358,""226"":0,""227"":282574488338432,""228"":0,""229"":1639,""230"":0,""231"":0}",0.0,1879347316192227330,31.029180144247984,0.0,0.0
1764211285000,2025-11-27 10:41:25.000,104.214677,35.932231,104.20807682105138,35.926480258201984,104.205417,35.92669,1.0,0.0,20212.8,1.0,1,612042023200098,"{""1"":202128,""3"":0,""37"":0,""48"":80,""49"":20,""224"":""AC8="",""225"":202128,""226"":0,""227"":281474976710656,""228"":0,""229"":0,""230"":0,""231"":0}",0.292,1879353494011949057,0.0,0.0,0.0
1764211285000,2025-11-27 10:41:25.000,104.21499,35.931606,104.20838833445588,35.92585864891449,104.205727,35.926071,0.0,0.0,14783.7,1.0,1,612042023200085,"{""1"":147837,""3"":0,""37"":0,""48"":80,""49"":29,""224"":""AC8="",""225"":147837,""226"":0,""227"":281474976710656,""228"":0,""229"":0,""230"":0,""231"":0}",0.0,1879358279721201665,18.04173318299407,0.0,0.0
1764211285000,2025-11-27 10:41:25.000,104.214792,35.93202,104.20819164238392,35.926270038082826,104.205512,35.926483,0.0,0.0,17726.1,1.0,1,612042023200080,"{""1"":177261,""3"":0,""37"":0,""48"":80,""49"":36,""224"":""AC8="",""225"":177261,""226"":0,""227"":281474976710656,""228"":0,""229"":0,""230"":0,""231"":0}",0.0,1879364340897329154,25.55974571713927,0.0,0.0
1764211286000,2025-11-27 10:41:26.000,104.21491,35.931756,104.20830945692995,35.9260078009324,104.205619,35.926226,0.0,339.0,17735.8,1.0,1,612042023200066,"{""1"":177358,""3"":0,""37"":16,""48"":80,""49"":34,""224"":""AC8="",""225"":177358,""226"":0,""227"":282574488338432,""228"":0,""229"":1639,""230"":0,""231"":0}",0.0,1879347316192227330,31.029180144247984,0.0,0.0
1764211286000,2025-11-27 10:41:26.000,104.214677,35.932231,104.20807682105138,35.926480258201984,104.205415,35.92669,0.0,0.0,20212.8,1.0,1,612042023200098,"{""1"":202128,""3"":0,""37"":0,""48"":80,""49"":20,""224"":""AC8="",""225"":202128,""226"":0,""227"":281474976710656,""228"":0,""229"":0,""230"":0,""231"":0}",0.0,1879353494011949057,0.0,0.0,0.0
1764211286000,2025-11-27 10:41:26.000,104.21499,35.931606,104.20838833445588,35.92585864891449,104.205727,35.926071,0.0,0.0,14783.7,1.0,1,612042023200085,"{""1"":147837,""3"":0,""37"":0,""48"":80,""49"":29,""224"":""AC8="",""225"":147837,""226"":0,""227"":281474976710656,""228"":0,""229"":0,""230"":0,""231"":0}",0.0,1879358279721201665,18.04173318299407,0.0,0.0
1764211286000,2025-11-27 10:41:26.000,104.214792,35.93202,104.20819164238392,35.926270038082826,104.205511,35.926483,0.0,0.0,17726.1,1.0,1,612042023200080,"{""1"":177261,""3"":0,""37"":0,""48"":80,""49"":36,""224"":""AC8="",""225"":177261,""226"":0,""227"":281474976710656,""228"":0,""229"":0,""230"":0,""231"":0}",0.0,1879364340897329154,25.55974571713927,0.0,0.0
1764211287000,2025-11-27 10:41:27.000,104.21491,35.931756,104.20830945692995,35.9260078009324,104.205619,35.926226,0.0,339.0,17735.8,1.0,1,612042023200066,"{""1"":177358,""3"":0,""37"":16,""48"":80,""49"":34,""224"":""AC8="",""225"":177358,""226"":0,""227"":282574488338432,""228"":0,""229"":1639,""230"":0,""231"":0}",0.0,1879347316192227330,31.029180144247984,0.0,0.0
1764211287000,2025-11-27 10:41:27.000,104.214676,35.932231,104.20807582250676,35.92648025966261,104.205416,35.92669,1.0,0.0,20212.8,1.0,1,612042023200098,"{""1"":202128,""3"":0,""37"":0,""48"":80,""49"":20,""224"":""AC8="",""225"":202128,""226"":0,""227"":281474976710656,""228"":0,""229"":0,""230"":0,""231"":0}",0.09,1879353494011949057,0.0,0.0,0.0
1764211287000,2025-11-27 10:41:27.000,104.21499,35.931606,104.20838833445588,35.92585864891449,104.205728,35.926071,0.0,0.0,14783.7,1.0,1,612042023200085,"{""1"":147837,""3"":0,""37"":0,""48"":80,""49"":29,""224"":""AC8="",""225"":147837,""226"":0,""227"":281474976710656,""228"":0,""229"":0,""230"":0,""231"":0}",0.0,1879358279721201665,18.04173318299407,0.0,0.0
1764211287000,2025-11-27 10:41:27.000,104.214792,35.93202,104.20819164238392,35.926270038082826,104.205511,35.926483,0.0,0.0,17726.1,1.0,1,612042023200080,"{""1"":177261,""3"":0,""37"":0,""48"":80,""49"":36,""224"":""AC8="",""225"":177261,""226"":0,""227"":281474976710656,""228"":0,""229"":0,""230"":0,""231"":0}",0.0,1879364340897329154,25.59639488563028,0.0,0.0
1764211288000,2025-11-27 10:41:28.000,104.21491,35.931756,104.20830945692995,35.9260078009324,104.20562,35.926226,0.0,339.0,17735.8,1.0,1,612042023200066,"{""1"":177358,""3"":0,""37"":16,""48"":80,""49"":34,""224"":""AC8="",""225"":177358,""226"":0,""227"":282574488338432,""228"":0,""229"":1639,""230"":0,""231"":0}",0.0,1879347316192227330,31.029180144247984,0.0,0.0
1764211288000,2025-11-27 10:41:28.000,104.214676,35.932231,104.20807582250676,35.92648025966261,104.205416,35.92669,1.0,0.0,20212.8,1.0,1,612042023200098,"{""1"":202128,""3"":0,""37"":0,""48"":80,""49"":20,""224"":""AC8="",""225"":202128,""226"":0,""227"":281474976710656,""228"":0,""229"":0,""230"":0,""231"":0}",0.0,1879353494011949057,0.0,0.0,0.0
1764211288000,2025-11-27 10:41:28.000,104.21499,35.931606,104.20838833445588,35.92585864891449,104.205728,35.926071,0.0,0.0,14783.7,1.0,1,612042023200085,"{""1"":147837,""3"":0,""37"":0,""48"":80,""49"":29,""224"":""AC8="",""225"":147837,""226"":0,""227"":281474976710656,""228"":0,""229"":0,""230"":0,""231"":0}",0.0,1879358279721201665,18.04173318299407,0.0,0.0
1764211288000,2025-11-27 10:41:28.000,104.214792,35.93202,104.20819164238392,35.926270038082826,104.205511,35.926483,0.0,0.0,17726.1,1.0,1,612042023200080,"{""1"":177261,""3"":0,""37"":0,""48"":80,""49"":36,""224"":""AC8="",""225"":177261,""226"":0,""227"":281474976710656,""228"":0,""229"":0,""230"":0,""231"":0}",0.0,1879364340897329154,25.59639488563028,0.0,0.0
1764211289000,2025-11-27 10:41:29.000,104.21491,35.931756,104.20830945692995,35.9260078009324,104.20562,35.926226,0.0,339.0,17735.8,1.0,1,612042023200066,"{""1"":177358,""3"":0,""37"":16,""48"":80,""49"":34,""224"":""AC8="",""225"":177358,""226"":0,""227"":282574488338432,""228"":0,""229"":1639,""230"":0,""231"":0}",0.0,1879347316192227330,31.029180144247984,0.0,0.0
1764211289000,2025-11-27 10:41:29.000,104.214677,35.932231,104.20807682105138,35.926480258201984,104.205417,35.92669,1.0,0.0,20212.8,1.0,1,612042023200098,"{""1"":202128,""3"":0,""37"":0,""48"":80,""49"":19,""224"":""AC8="",""225"":202128,""226"":0,""227"":281474976710656,""228"":0,""229"":0,""230"":0,""231"":0}",0.09,1879353494011949057,0.0,0.0,0.0
1764211289000,2025-11-27 10:41:29.000,104.21499,35.931606,104.20838833445588,35.92585864891449,104.205728,35.926071,0.0,0.0,14783.7,1.0,1,612042023200085,"{""1"":147837,""3"":0,""37"":0,""48"":80,""49"":29,""224"":""AC8="",""225"":147837,""226"":0,""227"":281474976710656,""228"":0,""229"":0,""230"":0,""231"":0}",0.0,1879358279721201665,18.04173318299407,0.0,0.0
1764211289000,2025-11-27 10:41:29.000,104.214792,35.93202,104.20819164238392,35.926270038082826,104.205511,35.926483,0.0,0.0,17726.1,1.0,1,612042023200080,"{""1"":177261,""3"":0,""37"":0,""48"":80,""49"":36,""224"":""AC8="",""225"":177261,""226"":0,""227"":281474976710656,""228"":0,""229"":0,""230"":0,""231"":0}",0.0,1879364340897329154,25.55974571713927,0.0,0.0
1764211290000,2025-11-27 10:41:30.000,104.21491,35.931756,104.20830945692995,35.9260078009324,104.20562,35.926226,0.0,339.0,17735.8,1.0,1,612042023200066,"{""1"":177358,""3"":0,""37"":16,""48"":80,""49"":34,""224"":""AC8="",""225"":177358,""226"":0,""227"":282574488338432,""228"":0,""229"":1639,""230"":0,""231"":0}",0.0,1879347316192227330,31.029180144247984,0.0,0.0
1764211290000,2025-11-27 10:41:30.000,104.214674,35.932229,104.20807382530812,35.92647826208587,104.205414,35.926688,1.0,0.0,20212.8,1.0,1,612042023200098,"{""1"":202128,""3"":0,""37"":0,""48"":80,""49"":20,""224"":""AC8="",""225"":202128,""226"":0,""227"":281474976710656,""228"":0,""229"":0,""230"":0,""231"":0}",0.349,1879353494011949057,0.0,0.0,0.0
1764211290000,2025-11-27 10:41:30.000,104.21499,35.931606,104.20838833445588,35.92585864891449,104.205728,35.926071,0.0,0.0,14783.7,1.0,1,612042023200085,"{""1"":147837,""3"":0,""37"":0,""48"":80,""49"":29,""224"":""AC8="",""225"":147837,""226"":0,""227"":281474976710656,""228"":0,""229"":0,""230"":0,""231"":0}",0.0,1879358279721201665,18.04173318299407,0.0,1.1111111111111112
1764211290000,2025-11-27 10:41:30.000,104.214792,35.93202,104.20819164238392,35.926270038082826,104.205511,35.926482,0.0,0.0,17726.1,1.0,1,612042023200080,"{""1"":177261,""3"":0,""37"":0,""48"":80,""49"":36,""224"":""AC8="",""225"":177261,""226"":0,""227"":281474976710656,""228"":0,""229"":0,""230"":0,""231"":0}",0.0,1879364340897329154,25.468089358568328,0.0,0.8333333333333333
1764211291000,2025-11-27 10:41:31.000,104.21491,35.931756,104.20830945692995,35.9260078009324,104.20562,35.926226,0.0,339.0,17735.8,1.0,1,612042023200066,"{""1"":177358,""3"":0,""37"":16,""48"":80,""49"":34,""224"":""AC8="",""225"":177358,""226"":0,""227"":282574488338432,""228"":0,""229"":1639,""230"":0,""231"":0}",0.0,1879347316192227330,31.029180144247984,0.0,0.0
1764211291000,2025-11-27 10:41:31.000,104.214674,35.932229,104.20807382530812,35.92647826208587,104.205415,35.926689,0.0,0.0,20212.8,1.0,1,612042023200098,"{""1"":202128,""3"":0,""37"":0,""48"":80,""49"":20,""224"":""AC8="",""225"":202128,""226"":0,""227"":281474976710656,""228"":0,""229"":0,""230"":0,""231"":0}",0.0,1879353494011949057,0.0,0.0,-0.2777777777777778
1764211291000,2025-11-27 10:41:31.000,104.21499,35.931606,104.20838833445588,35.92585864891449,104.205728,35.926071,0.0,0.0,14783.7,1.0,1,612042023200085,"{""1"":147837,""3"":0,""37"":0,""48"":80,""49"":29,""224"":""AC8="",""225"":147837,""226"":0,""227"":281474976710656,""228"":0,""229"":0,""230"":0,""231"":0}",0.0,1879358279721201665,18.04173318299407,0.0,1.3888888888888888
1764211291000,2025-11-27 10:41:31.000,104.214792,35.93202,104.20819164238392,35.926270038082826,104.205511,35.926482,0.0,0.0,17726.1,1.0,1,612042023200080,"{""1"":177261,""3"":0,""37"":0,""48"":80,""49"":36,""224"":""AC8="",""225"":177261,""226"":0,""227"":281474976710656,""228"":0,""229"":0,""230"":0,""231"":0}",0.0,1879364340897329154,25.468089358568328,0.0,0.2777777777777778
1764211292000,2025-11-27 10:41:32.000,104.21491,35.931756,104.20830945692995,35.9260078009324,104.20562,35.926226,0.0,339.0,17735.8,1.0,1,612042023200066,"{""1"":177358,""3"":0,""37"":16,""48"":80,""49"":34,""224"":""AC8="",""225"":177358,""226"":0,""227"":282574488338432,""228"":0,""229"":1639,""230"":0,""231"":0}",0.0,1879347316192227330,31.029180144247984,0.0,0.0
1764211292000,2025-11-27 10:41:32.000,104.214674,35.932229,104.20807382530812,35.92647826208587,104.205415,35.92669,0.0,0.0,20212.8,1.0,1,612042023200098,"{""1"":202128,""3"":0,""37"":0,""48"":80,""49"":20,""224"":""AC8="",""225"":202128,""226"":0,""227"":281474976710656,""228"":0,""229"":0,""230"":0,""231"":0}",0.0,1879353494011949057,0.0,0.0,1.1111111111111112
1764211292000,2025-11-27 10:41:32.000,104.21499,35.931606,104.20838833445588,35.92585864891449,104.205728,35.926071,0.0,0.0,14783.7,1.0,1,612042023200085,"{""1"":147837,""3"":0,""37"":0,""48"":80,""49"":29,""224"":""AC8="",""225"":147837,""226"":0,""227"":281474976710656,""228"":0,""229"":0,""230"":0,""231"":0}",0.0,1879358279721201665,18.04173318299407,0.0,1.6666666666666665
1764211292000,2025-11-27 10:41:32.000,104.214792,35.93202,104.20819164238392,35.926270038082826,104.205511,35.926482,0.0,0.0,17726.1,1.0,1,612042023200080,"{""1"":177261,""3"":0,""37"":0,""48"":80,""49"":36,""224"":""AC8="",""225"":177261,""226"":0,""227"":281474976710656,""228"":0,""229"":0,""230"":0,""231"":0}",0.0,1879364340897329154,25.468089358568328,0.0,0.8333333333333333
1764211293000,2025-11-27 10:41:33.000,104.21491,35.931756,104.20830945692995,35.9260078009324,104.20562,35.926226,0.0,339.0,17735.8,1.0,1,612042023200066,"{""1"":177358,""3"":0,""37"":16,""48"":80,""49"":34,""224"":""AC8="",""225"":177358,""226"":0,""227"":282574488338432,""228"":0,""229"":1639,""230"":0,""231"":0}",0.0,1879347316192227330,31.029180144247984,0.0,-0.2777777777777778
1764211293000,2025-11-27 10:41:33.000,104.214676,35.932231,104.20807582250676,35.92648025966261,104.205416,35.92669,1.0,0.0,20212.8,1.0,1,612042023200098,"{""1"":202128,""3"":0,""37"":0,""48"":80,""49"":20,""224"":""AC8="",""225"":202128,""226"":0,""227"":281474976710656,""228"":0,""229"":0,""230"":0,""231"":0}",0.286,1879353494011949057,0.0,0.0,0.2777777777777778
1764211293000,2025-11-27 10:41:33.000,104.21499,35.931606,104.20838833445588,35.92585864891449,104.205728,35.926071,0.0,0.0,14783.7,1.0,1,612042023200085,"{""1"":147837,""3"":0,""37"":0,""48"":80,""49"":29,""224"":""AC8="",""225"":147837,""226"":0,""227"":281474976710656,""228"":0,""229"":0,""230"":0,""231"":0}",0.0,1879358279721201665,18.04173318299407,0.0,1.1111111111111112
1764211293000,2025-11-27 10:41:33.000,104.214792,35.93202,104.20819164238392,35.926270038082826,104.205511,35.926482,0.0,0.0,17726.1,1.0,1,612042023200080,"{""1"":177261,""3"":0,""37"":0,""48"":80,""49"":36,""224"":""AC8="",""225"":177261,""226"":0,""227"":281474976710656,""228"":0,""229"":0,""230"":0,""231"":0}",0.0,1879364340897329154,25.59639488563028,0.0,0.2777777777777778
1764211294000,2025-11-27 10:41:34.000,104.21491,35.931756,104.20830945692995,35.9260078009324,104.205621,35.926226,0.0,339.0,17735.8,1.0,1,612042023200066,"{""1"":177358,""3"":0,""37"":16,""48"":80,""49"":34,""224"":""AC8="",""225"":177358,""226"":0,""227"":282574488338432,""228"":0,""229"":1639,""230"":0,""231"":0}",0.0,1879347316192227330,31.029180144247984,0.0,-0.2777777777777778
1764211294000,2025-11-27 10:41:34.000,104.214675,35.93223,104.20807482390742,35.92647926087423,104.205415,35.926689,1.0,0.0,20212.8,1.0,1,612042023200098,"{""1"":202128,""3"":0,""37"":0,""48"":80,""49"":20,""224"":""AC8="",""225"":202128,""226"":0,""227"":281474976710656,""228"":0,""229"":0,""230"":0,""231"":0}",0.143,1879353494011949057,0.0,0.0,-1.9444444444444444
1764211294000,2025-11-27 10:41:34.000,104.21499,35.931606,104.20838833445588,35.92585864891449,104.205728,35.926071,0.0,0.0,14783.7,1.0,1,612042023200085,"{""1"":147837,""3"":0,""37"":0,""48"":80,""49"":29,""224"":""AC8="",""225"":147837,""226"":0,""227"":281474976710656,""228"":0,""229"":0,""230"":0,""231"":0}",0.0,1879358279721201665,18.04173318299407,0.0,-0.8333333333333333
1764211294000,2025-11-27 10:41:34.000,104.214792,35.93202,104.20819164238392,35.926270038082826,104.205511,35.926482,0.0,0.0,17726.1,1.0,1,612042023200080,"{""1"":177261,""3"":0,""37"":0,""48"":80,""49"":36,""224"":""AC8="",""225"":177261,""226"":0,""227"":281474976710656,""228"":0,""229"":0,""230"":0,""231"":0}",0.0,1879364340897329154,25.531922841489735,0.0,0.2777777777777778
1764211295000,2025-11-27 10:41:35.000,104.21491,35.931756,104.20830945692995,35.9260078009324,104.205621,35.926226,0.0,339.0,17735.8,1.0,1,612042023200066,"{""1"":177358,""3"":0,""37"":16,""48"":80,""49"":34,""224"":""AC8="",""225"":177358,""226"":0,""227"":282574488338432,""228"":0,""229"":1639,""230"":0,""231"":0}",0.0,1879347316192227330,31.029180144247984,0.0,0.5555555555555556
1764211295000,2025-11-27 10:41:35.000,104.214675,35.93223,104.20807482390742,35.92647926087423,104.205416,35.92669,0.0,0.0,20212.8,1.0,1,612042023200098,"{""1"":202128,""3"":0,""37"":0,""48"":80,""49"":20,""224"":""AC8="",""225"":202128,""226"":0,""227"":281474976710656,""228"":0,""229"":0,""230"":0,""231"":0}",0.0,1879353494011949057,0.0,0.0,1.3888888888888888
1764211295000,2025-11-27 10:41:35.000,104.21499,35.931606,104.20838833445588,35.92585864891449,104.205728,35.926071,0.0,0.0,14783.7,1.0,1,612042023200085,"{""1"":147837,""3"":0,""37"":0,""48"":80,""49"":29,""224"":""AC8="",""225"":147837,""226"":0,""227"":281474976710656,""228"":0,""229"":0,""230"":0,""231"":0}",0.0,1879358279721201665,18.04173318299407,0.0,1.1111111111111112
1764211295000,2025-11-27 10:41:35.000,104.214792,35.93202,104.20819164238392,35.926270038082826,104.205511,35.926482,0.0,0.0,17726.1,1.0,1,612042023200080,"{""1"":177261,""3"":0,""37"":0,""48"":80,""49"":36,""224"":""AC8="",""225"":177261,""226"":0,""227"":281474976710656,""228"":0,""229"":0,""230"":0,""231"":0}",0.0,1879364340897329154,25.531922841489735,0.0,0.0
1764211296000,2025-11-27 10:41:36.000,104.21491,35.931756,104.20830945692995,35.9260078009324,104.205621,35.926226,0.0,339.0,17735.8,1.0,1,612042023200066,"{""1"":177358,""3"":0,""37"":16,""48"":80,""49"":34,""224"":""AC8="",""225"":177358,""226"":0,""227"":282574488338432,""228"":0,""229"":1639,""230"":0,""231"":0}",0.0,1879347316192227330,31.029180144247984,0.0,0.2777777777777778
1764211296000,2025-11-27 10:41:36.000,104.214677,35.93223,104.2080768209966,35.92647925795296,104.205417,35.926689,1.0,0.0,20212.8,1.0,1,612042023200098,"{""1"":202128,""3"":0,""37"":0,""48"":80,""49"":20,""224"":""AC8="",""225"":202128,""226"":0,""227"":281474976710656,""228"":0,""229"":0,""230"":0,""231"":0}",0.18,1879353494011949057,0.0,0.0,0.8333333333333333
1764211296000,2025-11-27 10:41:36.000,104.21499,35.931606,104.20838833445588,35.92585864891449,104.205728,35.926071,0.0,0.0,14783.7,1.0,1,612042023200085,"{""1"":147837,""3"":0,""37"":0,""48"":80,""49"":29,""224"":""AC8="",""225"":147837,""226"":0,""227"":281474976710656,""228"":0,""229"":0,""230"":0,""231"":0}",0.0,1879358279721201665,18.04173318299407,0.0,0.8333333333333333
1764211296000,2025-11-27 10:41:36.000,104.214792,35.93202,104.20819164238392,35.926270038082826,104.205511,35.926482,0.0,0.0,17726.1,1.0,1,612042023200080,"{""1"":177261,""3"":0,""37"":0,""48"":80,""49"":36,""224"":""AC8="",""225"":177261,""226"":0,""227"":281474976710656,""228"":0,""229"":0,""230"":0,""231"":0}",0.0,1879364340897329154,25.45806996330778,0.0,0.8333333333333333
1764211297000,2025-11-27 10:41:37.000,104.21491,35.931756,104.20830945692995,35.9260078009324,104.205621,35.926226,0.0,339.0,17735.8,1.0,1,612042023200066,"{""1"":177358,""3"":0,""37"":16,""48"":80,""49"":34,""224"":""AC8="",""225"":177358,""226"":0,""227"":282574488338432,""228"":0,""229"":1639,""230"":0,""231"":0}",0.0,1879347316192227330,31.029180144247984,0.0,0.0
1764211297000,2025-11-27 10:41:37.000,104.214677,35.932231,104.20807682105138,35.926480258201984,104.205417,35.92669,1.0,0.0,20212.8,1.0,1,612042023200098,"{""1"":202128,""3"":0,""37"":0,""48"":80,""49"":20,""224"":""AC8="",""225"":202128,""226"":0,""227"":281474976710656,""228"":0,""229"":0,""230"":0,""231"":0}",0.111,1879353494011949057,0.0,0.0,-0.8333333333333333
1764211297000,2025-11-27 10:41:37.000,104.21499,35.931606,104.20838833445588,35.92585864891449,104.205728,35.926071,0.0,0.0,14783.7,1.0,1,612042023200085,"{""1"":147837,""3"":0,""37"":0,""48"":80,""49"":29,""224"":""AC8="",""225"":147837,""226"":0,""227"":281474976710656,""228"":0,""229"":0,""230"":0,""231"":0}",0.0,1879358279721201665,18.04173318299407,0.0,-1.1111111111111112
1764211297000,2025-11-27 10:41:37.000,104.214792,35.93202,104.20819164238392,35.926270038082826,104.205512,35.926482,0.0,0.0,17726.1,1.0,1,612042023200080,"{""1"":177261,""3"":0,""37"":0,""48"":80,""49"":36,""224"":""AC8="",""225"":177261,""226"":0,""227"":281474976710656,""228"":0,""229"":0,""230"":0,""231"":0}",0.0,1879364340897329154,25.55974571713927,0.0,0.0
1764211298000,2025-11-27 10:41:38.000,104.21491,35.931756,104.20830945692995,35.9260078009324,104.205621,35.926226,0.0,339.0,17735.8,1.0,1,612042023200066,"{""1"":177358,""3"":0,""37"":16,""48"":80,""49"":33,""224"":""AC8="",""225"":177358,""226"":0,""227"":282574488338432,""228"":0,""229"":1639,""230"":0,""231"":0}",0.0,1879347316192227330,31.029180144247984,0.0,0.2777777777777778
1764211298000,2025-11-27 10:41:38.000,104.214677,35.932231,104.20807682105138,35.926480258201984,104.205416,35.926689,0.0,0.0,20212.8,1.0,1,612042023200098,"{""1"":202128,""3"":0,""37"":0,""48"":80,""49"":20,""224"":""AC8="",""225"":202128,""226"":0,""227"":281474976710656,""228"":0,""229"":0,""230"":0,""231"":0}",0.0,1879353494011949057,0.0,0.0,-0.5555555555555556
1764211298000,2025-11-27 10:41:38.000,104.21499,35.931606,104.20838833445588,35.92585864891449,104.205728,35.926071,0.0,0.0,14783.7,1.0,1,612042023200085,"{""1"":147837,""3"":0,""37"":0,""48"":80,""49"":29,""224"":""AC8="",""225"":147837,""226"":0,""227"":281474976710656,""228"":0,""229"":0,""230"":0,""231"":0}",0.0,1879358279721201665,18.04173318299407,0.0,0.2777777777777778
1764211298000,2025-11-27 10:41:38.000,104.214792,35.93202,104.20819164238392,35.926270038082826,104.205512,35.926482,0.0,0.0,17726.1,1.0,1,612042023200080,"{""1"":177261,""3"":0,""37"":0,""48"":80,""49"":36,""224"":""AC8="",""225"":177261,""226"":0,""227"":281474976710656,""228"":0,""229"":0,""230"":0,""231"":0}",0.0,1879364340897329154,25.55974571713927,0.0,0.0
1764211299000,2025-11-27 10:41:39.000,104.21491,35.931756,104.20830945692995,35.9260078009324,104.205622,35.926226,0.0,339.0,17735.8,1.0,1,612042023200066,"{""1"":177358,""3"":0,""37"":16,""48"":80,""49"":33,""224"":""AC8="",""225"":177358,""226"":0,""227"":282574488338432,""228"":0,""229"":1639,""230"":0,""231"":0}",0.0,1879347316192227330,31.029180144247984,0.0,0.0
1764211299000,2025-11-27 10:41:39.000,104.214676,35.932231,104.20807582250676,35.92648025966261,104.205416,35.92669,1.0,0.0,20212.8,1.0,1,612042023200098,"{""1"":202128,""3"":0,""37"":0,""48"":80,""49"":20,""224"":""AC8="",""225"":202128,""226"":0,""227"":281474976710656,""228"":0,""229"":0,""230"":0,""231"":0}",0.09,1879353494011949057,0.0,0.0,0.0
1764211299000,2025-11-27 10:41:39.000,104.21499,35.931606,104.20838833445588,35.92585864891449,104.205729,35.926071,0.0,0.0,14783.7,1.0,1,612042023200085,"{""1"":147837,""3"":0,""37"":0,""48"":80,""49"":29,""224"":""AC8="",""225"":147837,""226"":0,""227"":281474976710656,""228"":0,""229"":0,""230"":0,""231"":0}",0.0,1879358279721201665,18.04173318299407,0.0,-0.2777777777777778
1764211299000,2025-11-27 10:41:39.000,104.214792,35.93202,104.20819164238392,35.926270038082826,104.205512,35.926482,0.0,0.0,17726.1,1.0,1,612042023200080,"{""1"":177261,""3"":0,""37"":0,""48"":80,""49"":36,""224"":""AC8="",""225"":177261,""226"":0,""227"":281474976710656,""228"":0,""229"":0,""230"":0,""231"":0}",0.0,1879364340897329154,25.59639488563028,0.0,0.2777777777777778
1764211300000,2025-11-27 10:41:40.000,104.21491,35.931756,104.20830945692995,35.9260078009324,104.205622,35.926226,0.0,339.0,17735.8,1.0,1,612042023200066,"{""1"":177358,""3"":0,""37"":16,""48"":80,""49"":34,""224"":""AC8="",""225"":177358,""226"":0,""227"":282574488338432,""228"":0,""229"":1639,""230"":0,""231"":0}",0.0,1879347316192227330,31.029180144247984,0.0,0.0
1764211300000,2025-11-27 10:41:40.000,104.214676,35.932231,104.20807582250676,35.92648025966261,104.205416,35.926689,0.0,0.0,20212.8,1.0,1,612042023200098,"{""1"":202128,""3"":0,""37"":0,""48"":80,""49"":20,""224"":""AC8="",""225"":202128,""226"":0,""227"":281474976710656,""228"":0,""229"":0,""230"":0,""231"":0}",0.0,1879353494011949057,0.0,0.0,0.0
1764211300000,2025-11-27 10:41:40.000,104.21499,35.931606,104.20838833445588,35.92585864891449,104.205729,35.926071,0.0,0.0,14783.7,1.0,1,612042023200085,"{""1"":147837,""3"":0,""37"":0,""48"":80,""49"":29,""224"":""AC8="",""225"":147837,""226"":0,""227"":281474976710656,""228"":0,""229"":0,""230"":0,""231"":0}",0.0,1879358279721201665,18.04173318299407,0.0,0.0
1764211300000,2025-11-27 10:41:40.000,104.214792,35.93202,104.20819164238392,35.926270038082826,104.205512,35.926482,0.0,0.0,17726.1,1.0,1,612042023200080,"{""1"":177261,""3"":0,""37"":0,""48"":80,""49"":36,""224"":""AC8="",""225"":177261,""226"":0,""227"":281474976710656,""228"":0,""229"":0,""230"":0,""231"":0}",0.0,1879364340897329154,25.59639488563028,0.0,-0.2777777777777778
1764211301000,2025-11-27 10:41:41.000,104.21491,35.931756,104.20830945692995,35.9260078009324,104.205622,35.926226,0.0,339.0,17735.8,1.0,1,612042023200066,"{""1"":177358,""3"":0,""37"":16,""48"":80,""49"":33,""224"":""AC8="",""225"":177358,""226"":0,""227"":282574488338432,""228"":0,""229"":1639,""230"":0,""231"":0}",0.0,1879347316192227330,31.029180144247984,0.0,0.2777777777777778
1764211301000,2025-11-27 10:41:41.000,104.214675,35.932231,104.2080748239622,35.92648026112326,104.205415,35.92669,1.0,0.0,20212.8,1.0,1,612042023200098,"{""1"":202128,""3"":0,""37"":0,""48"":80,""49"":20,""224"":""AC8="",""225"":202128,""226"":0,""227"":281474976710656,""228"":0,""229"":0,""230"":0,""231"":0}",0.09,1879353494011949057,0.0,0.0,-0.2777777777777778
1764211301000,2025-11-27 10:41:41.000,104.21499,35.931606,104.20838833445588,35.92585864891449,104.205729,35.926071,0.0,0.0,14783.7,1.0,1,612042023200085,"{""1"":147837,""3"":0,""37"":0,""48"":80,""49"":29,""224"":""AC8="",""225"":147837,""226"":0,""227"":281474976710656,""228"":0,""229"":0,""230"":0,""231"":0}",0.0,1879358279721201665,18.04173318299407,0.0,0.2777777777777778
1764211301000,2025-11-27 10:41:41.000,104.214792,35.93202,104.20819164238392,35.926270038082826,104.205512,35.926482,0.0,0.0,17726.1,1.0,1,612042023200080,"{""1"":177261,""3"":0,""37"":0,""48"":80,""49"":36,""224"":""AC8="",""225"":177261,""226"":0,""227"":281474976710656,""228"":0,""229"":0,""230"":0,""231"":0}",0.0,1879364340897329154,25.633307030586373,0.0,0.0
1764211302000,2025-11-27 10:41:42.000,104.21491,35.931756,104.20830945692995,35.9260078009324,104.205622,35.926226,0.0,339.0,17735.8,1.0,1,612042023200066,"{""1"":177358,""3"":0,""37"":16,""48"":80,""49"":34,""224"":""AC8="",""225"":177358,""226"":0,""227"":282574488338432,""228"":0,""229"":1639,""230"":0,""231"":0}",0.0,1879347316192227330,31.029180144247984,0.0,0.0
1764211302000,2025-11-27 10:41:42.000,104.214676,35.932231,104.20807582250676,35.92648025966261,104.205416,35.92669,1.0,0.0,20212.8,1.0,1,612042023200098,"{""1"":202128,""3"":0,""37"":0,""48"":80,""49"":20,""224"":""AC8="",""225"":202128,""226"":0,""227"":281474976710656,""228"":0,""229"":0,""230"":0,""231"":0}",0.09,1879353494011949057,0.0,0.0,0.0
1764211302000,2025-11-27 10:41:42.000,104.21499,35.931606,104.20838833445588,35.92585864891449,104.205729,35.926071,0.0,0.0,14783.7,1.0,1,612042023200085,"{""1"":147837,""3"":0,""37"":0,""48"":80,""49"":29,""224"":""AC8="",""225"":147837,""226"":0,""227"":281474976710656,""228"":0,""229"":0,""230"":0,""231"":0}",0.0,1879358279721201665,18.04173318299407,0.0,0.0
1764211302000,2025-11-27 10:41:42.000,104.214792,35.93202,104.20819164238392,35.926270038082826,104.205512,35.926482,0.0,0.0,17726.1,1.0,1,612042023200080,"{""1"":177261,""3"":0,""37"":0,""48"":80,""49"":36,""224"":""AC8="",""225"":177261,""226"":0,""227"":281474976710656,""228"":0,""229"":0,""230"":0,""231"":0}",0.0,1879364340897329154,25.59639488563028,0.0,0.0
1764211303000,2025-11-27 10:41:43.000,104.21491,35.931756,104.20830945692995,35.9260078009324,104.205622,35.926226,0.0,339.0,17735.8,1.0,1,612042023200066,"{""1"":177358,""3"":0,""37"":16,""48"":80,""49"":33,""224"":""AC8="",""225"":177358,""226"":0,""227"":282574488338432,""228"":0,""229"":1639,""230"":0,""231"":0}",0.0,1879347316192227330,31.029180144247984,0.0,0.0
1764211303000,2025-11-27 10:41:43.000,104.214676,35.93223,104.208075822452,35.92647925941358,104.205416,35.926689,1.0,0.0,20212.8,1.0,1,612042023200098,"{""1"":202128,""3"":0,""37"":0,""48"":80,""49"":20,""224"":""AC8="",""225"":202128,""226"":0,""227"":281474976710656,""228"":0,""229"":0,""230"":0,""231"":0}",0.111,1879353494011949057,0.0,0.0,0.0
1764211303000,2025-11-27 10:41:43.000,104.21499,35.931606,104.20838833445588,35.92585864891449,104.205729,35.926071,0.0,0.0,14783.7,1.0,1,612042023200085,"{""1"":147837,""3"":0,""37"":0,""48"":80,""49"":29,""224"":""AC8="",""225"":147837,""226"":0,""227"":281474976710656,""228"":0,""229"":0,""230"":0,""231"":0}",0.0,1879358279721201665,18.04173318299407,0.0,0.0
1764211303000,2025-11-27 10:41:43.000,104.214792,35.93202,104.20819164238392,35.926270038082826,104.205512,35.926482,0.0,0.0,17726.1,1.0,1,612042023200080,"{""1"":177261,""3"":0,""37"":0,""48"":80,""49"":36,""224"":""AC8="",""225"":177261,""226"":0,""227"":281474976710656,""228"":0,""229"":0,""230"":0,""231"":0}",0.0,1879364340897329154,25.494864599859884,0.0,-0.2777777777777778
1764211304000,2025-11-27 10:41:44.000,104.21491,35.931756,104.20830945692995,35.9260078009324,104.205623,35.926226,0.0,339.0,17735.8,1.0,1,612042023200066,"{""1"":177358,""3"":0,""37"":16,""48"":80,""49"":33,""224"":""AC8="",""225"":177358,""226"":0,""227"":282574488338432,""228"":0,""229"":1639,""230"":0,""231"":0}",0.0,1879347316192227330,31.029180144247984,0.0,0.2777777777777778
1764211304000,2025-11-27 10:41:44.000,104.214677,35.93223,104.2080768209966,35.92647925795296,104.205417,35.926689,1.0,0.0,20212.8,1.0,1,612042023200098,"{""1"":202128,""3"":0,""37"":0,""48"":80,""49"":20,""224"":""AC8="",""225"":202128,""226"":0,""227"":281474976710656,""228"":0,""229"":0,""230"":0,""231"":0}",0.09,1879353494011949057,0.0,0.0,0.0
1764211304000,2025-11-27 10:41:44.000,104.21499,35.931606,104.20838833445588,35.92585864891449,104.205729,35.926071,0.0,0.0,14783.7,1.0,1,612042023200085,"{""1"":147837,""3"":0,""37"":0,""48"":80,""49"":29,""224"":""AC8="",""225"":147837,""226"":0,""227"":281474976710656,""228"":0,""229"":0,""230"":0,""231"":0}",0.0,1879358279721201665,18.04173318299407,0.0,-0.2777777777777778
1764211304000,2025-11-27 10:41:44.000,104.214792,35.93202,104.20819164238392,35.926270038082826,104.205512,35.926482,0.0,0.0,17726.1,1.0,1,612042023200080,"{""1"":177261,""3"":0,""37"":0,""48"":80,""49"":35,""224"":""AC8="",""225"":177261,""226"":0,""227"":281474976710656,""228"":0,""229"":0,""230"":0,""231"":0}",0.0,1879364340897329154,25.45806996330778,0.0,0.0
1764211305000,2025-11-27 10:41:45.000,104.21491,35.931756,104.20830945692995,35.9260078009324,104.205623,35.926226,0.0,339.0,17735.8,1.0,1,612042023200066,"{""1"":177358,""3"":0,""37"":16,""48"":80,""49"":33,""224"":""AC8="",""225"":177358,""226"":0,""227"":282574488338432,""228"":0,""229"":1639,""230"":0,""231"":0}",0.0,1879347316192227330,31.029180144247984,0.0,0.2777777777777778
1764211305000,2025-11-27 10:41:45.000,104.214675,35.932232,104.20807482401698,35.92648126137229,104.205415,35.926691,1.0,0.0,20212.8,1.0,1,612042023200098,"{""1"":202128,""3"":0,""37"":0,""48"":80,""49"":20,""224"":""AC8="",""225"":202128,""226"":0,""227"":281474976710656,""228"":0,""229"":0,""230"":0,""231"":0}",0.286,1879353494011949057,0.0,0.0,0.0
1764211305000,2025-11-27 10:41:45.000,104.21499,35.931606,104.20838833445588,35.92585864891449,104.205728,35.926071,0.0,0.0,14783.7,1.0,1,612042023200085,"{""1"":147837,""3"":0,""37"":0,""48"":80,""49"":29,""224"":""AC8="",""225"":147837,""226"":0,""227"":281474976710656,""228"":0,""229"":0,""230"":0,""231"":0}",0.0,1879358279721201665,18.04173318299407,0.0,0.0
1764211305000,2025-11-27 10:41:45.000,104.214792,35.93202,104.20819164238392,35.926270038082826,104.205513,35.926482,0.0,0.0,17726.1,1.0,1,612042023200080,"{""1"":177261,""3"":0,""37"":0,""48"":80,""49"":35,""224"":""AC8="",""225"":177261,""226"":0,""227"":281474976710656,""228"":0,""229"":0,""230"":0,""231"":0}",0.0,1879364340897329154,25.73477250012174,0.0,0.0
1764211306000,2025-11-27 10:41:46.000,104.21491,35.931756,104.20830945692995,35.9260078009324,104.205623,35.926226,0.0,339.0,17735.8,1.0,1,612042023200066,"{""1"":177358,""3"":0,""37"":16,""48"":80,""49"":33,""224"":""AC8="",""225"":177358,""226"":0,""227"":282574488338432,""228"":0,""229"":1639,""230"":0,""231"":0}",0.0,1879347316192227330,31.029180144247984,0.0,0.0
1764211306000,2025-11-27 10:41:46.000,104.214675,35.932232,104.20807482401698,35.92648126137229,104.205415,35.926691,0.0,0.0,20212.8,1.0,1,612042023200098,"{""1"":202128,""3"":0,""37"":0,""48"":80,""49"":20,""224"":""AC8="",""225"":202128,""226"":0,""227"":281474976710656,""228"":0,""229"":0,""230"":0,""231"":0}",0.0,1879353494011949057,0.0,0.0,0.2777777777777778
1764211306000,2025-11-27 10:41:46.000,104.21499,35.931606,104.20838833445588,35.92585864891449,104.205728,35.926071,0.0,0.0,14783.7,1.0,1,612042023200085,"{""1"":147837,""3"":0,""37"":0,""48"":80,""49"":29,""224"":""AC8="",""225"":147837,""226"":0,""227"":281474976710656,""228"":0,""229"":0,""230"":0,""231"":0}",0.0,1879358279721201665,18.04173318299407,0.0,-0.2777777777777778
1764211306000,2025-11-27 10:41:46.000,104.214792,35.93202,104.20819164238392,35.926270038082826,104.205513,35.926482,0.0,0.0,17726.1,1.0,1,612042023200080,"{""1"":177261,""3"":0,""37"":0,""48"":80,""49"":35,""224"":""AC8="",""225"":177261,""226"":0,""227"":281474976710656,""228"":0,""229"":0,""230"":0,""231"":0}",0.0,1879364340897329154,25.73477250012174,0.0,-0.2777777777777778
1764211307000,2025-11-27 10:41:47.000,104.21491,35.931756,104.20830945692995,35.9260078009324,104.205623,35.926226,0.0,339.0,17735.8,1.0,1,612042023200066,"{""1"":177358,""3"":0,""37"":16,""48"":80,""49"":33,""224"":""AC8="",""225"":177358,""226"":0,""227"":282574488338432,""228"":0,""229"":1639,""230"":0,""231"":0}",0.0,1879347316192227330,31.029180144247984,0.0,0.2777777777777778
1764211307000,2025-11-27 10:41:47.000,104.214675,35.932232,104.20807482401698,35.92648126137229,104.205416,35.926692,0.0,0.0,20212.8,1.0,1,612042023200098,"{""1"":202128,""3"":0,""37"":0,""48"":80,""49"":20,""224"":""AC8="",""225"":202128,""226"":0,""227"":281474976710656,""228"":0,""229"":0,""230"":0,""231"":0}",0.0,1879353494011949057,0.0,0.0,0.0
1764211307000,2025-11-27 10:41:47.000,104.21499,35.931606,104.20838833445588,35.92585864891449,104.205728,35.926071,0.0,0.0,14783.7,1.0,1,612042023200085,"{""1"":147837,""3"":0,""37"":0,""48"":80,""49"":29,""224"":""AC8="",""225"":147837,""226"":0,""227"":281474976710656,""228"":0,""229"":0,""230"":0,""231"":0}",0.0,1879358279721201665,18.04173318299407,0.0,0.0
1764211307000,2025-11-27 10:41:47.000,104.214792,35.93202,104.20819164238392,35.926270038082826,104.205513,35.926482,0.0,0.0,17726.1,1.0,1,612042023200080,"{""1"":177261,""3"":0,""37"":0,""48"":80,""49"":35,""224"":""AC8="",""225"":177261,""226"":0,""227"":281474976710656,""228"":0,""229"":0,""230"":0,""231"":0}",0.0,1879364340897329154,25.73477250012174,0.0,0.0
1764211308000,2025-11-27 10:41:48.000,104.21491,35.931756,104.20830945692995,35.9260078009324,104.205623,35.926226,0.0,339.0,17735.8,1.0,1,612042023200066,"{""1"":177358,""3"":0,""37"":16,""48"":80,""49"":33,""224"":""AC8="",""225"":177358,""226"":0,""227"":282574488338432,""228"":0,""229"":1639,""230"":0,""231"":0}",0.0,1879347316192227330,31.029180144247984,0.0,-0.2777777777777778
1764211308000,2025-11-27 10:41:48.000,104.214675,35.932232,104.20807482401698,35.92648126137229,104.205417,35.926692,0.0,0.0,20212.8,1.0,1,612042023200098,"{""1"":202128,""3"":0,""37"":0,""48"":80,""49"":20,""224"":""AC8="",""225"":202128,""226"":0,""227"":281474976710656,""228"":0,""229"":0,""230"":0,""231"":0}",0.0,1879353494011949057,0.0,0.0,0.2777777777777778
1764211308000,2025-11-27 10:41:48.000,104.21499,35.931606,104.20838833445588,35.92585864891449,104.205728,35.926071,0.0,0.0,14783.7,1.0,1,612042023200085,"{""1"":147837,""3"":0,""37"":0,""48"":80,""49"":29,""224"":""AC8="",""225"":147837,""226"":0,""227"":281474976710656,""228"":0,""229"":0,""230"":0,""231"":0}",0.0,1879358279721201665,18.04173318299407,0.0,-0.2777777777777778
1764211308000,2025-11-27 10:41:48.000,104.214792,35.93202,104.20819164238392,35.926270038082826,104.205513,35.926482,0.0,0.0,17726.1,1.0,1,612042023200080,"{""1"":177261,""3"":0,""37"":0,""48"":80,""49"":36,""224"":""AC8="",""225"":177261,""226"":0,""227"":281474976710656,""228"":0,""229"":0,""230"":0,""231"":0}",0.0,1879364340897329154,25.73477250012174,0.0,0.2777777777777778
1764211309000,2025-11-27 10:41:49.000,104.21491,35.931756,104.20830945692995,35.9260078009324,104.205624,35.926226,0.0,339.0,17735.8,1.0,1,612042023200066,"{""1"":177358,""3"":0,""37"":16,""48"":80,""49"":33,""224"":""AC8="",""225"":177358,""226"":0,""227"":282574488338432,""228"":0,""229"":1639,""230"":0,""231"":0}",0.0,1879347316192227330,31.029180144247984,0.0,-0.2777777777777778
1764211309000,2025-11-27 10:41:49.000,104.214677,35.932232,104.20807682110616,35.92648125845101,104.205417,35.926691,1.0,0.0,20212.8,1.0,1,612042023200098,"{""1"":202128,""3"":0,""37"":0,""48"":80,""49"":20,""224"":""AC8="",""225"":202128,""226"":0,""227"":281474976710656,""228"":0,""229"":0,""230"":0,""231"":0}",0.18,1879353494011949057,0.0,0.0,0.2777777777777778
1764211309000,2025-11-27 10:41:49.000,104.21499,35.931606,104.20838833445588,35.92585864891449,104.205727,35.926071,0.0,0.0,14783.7,1.0,1,612042023200085,"{""1"":147837,""3"":0,""37"":0,""48"":80,""49"":29,""224"":""AC8="",""225"":147837,""226"":0,""227"":281474976710656,""228"":0,""229"":0,""230"":0,""231"":0}",0.0,1879358279721201665,18.04173318299407,0.0,0.0
1764211309000,2025-11-27 10:41:49.000,104.214792,35.93202,104.20819164238392,35.926270038082826,104.205513,35.926482,0.0,0.0,17726.1,1.0,1,612042023200080,"{""1"":177261,""3"":0,""37"":0,""48"":80,""49"":36,""224"":""AC8="",""225"":177261,""226"":0,""227"":281474976710656,""228"":0,""229"":0,""230"":0,""231"":0}",0.0,1879364340897329154,25.661500676519232,0.0,0.0
1764211310000,2025-11-27 10:41:50.000,104.21491,35.931756,104.20830945692995,35.9260078009324,104.205624,35.926226,0.0,339.0,17735.8,1.0,1,612042023200066,"{""1"":177358,""3"":0,""37"":16,""48"":80,""49"":33,""224"":""AC8="",""225"":177358,""226"":0,""227"":282574488338432,""228"":0,""229"":1639,""230"":0,""231"":0}",0.0,1879347316192227330,31.029180144247984,0.0,-0.2777777777777778
1764211310000,2025-11-27 10:41:50.000,104.214676,35.932232,104.20807582256154,35.92648125991164,104.205416,35.926691,1.0,0.0,20212.8,1.0,1,612042023200098,"{""1"":202128,""3"":0,""37"":0,""48"":80,""49"":20,""224"":""AC8="",""225"":202128,""226"":0,""227"":281474976710656,""228"":0,""229"":0,""230"":0,""231"":0}",0.09,1879353494011949057,0.0,0.0,0.0
1764211310000,2025-11-27 10:41:50.000,104.21499,35.931606,104.20838833445588,35.92585864891449,104.205727,35.926071,0.0,0.0,14783.7,1.0,1,612042023200085,"{""1"":147837,""3"":0,""37"":0,""48"":80,""49"":29,""224"":""AC8="",""225"":147837,""226"":0,""227"":281474976710656,""228"":0,""229"":0,""230"":0,""231"":0}",0.0,1879358279721201665,18.04173318299407,0.0,0.2777777777777778
1764211310000,2025-11-27 10:41:50.000,104.214792,35.93202,104.20819164238392,35.926270038082826,104.205513,35.926482,0.0,0.0,17726.1,1.0,1,612042023200080,"{""1"":177261,""3"":0,""37"":0,""48"":80,""49"":36,""224"":""AC8="",""225"":177261,""226"":0,""227"":281474976710656,""228"":0,""229"":0,""230"":0,""231"":0}",0.0,1879364340897329154,25.698005412968236,0.0,0.2777777777777778
1764211311000,2025-11-27 10:41:51.000,104.21491,35.931756,104.20830945692995,35.9260078009324,104.205624,35.926226,0.0,339.0,17735.8,1.0,1,612042023200066,"{""1"":177358,""3"":0,""37"":16,""48"":80,""49"":34,""224"":""AC8="",""225"":177358,""226"":0,""227"":282574488338432,""228"":0,""229"":1639,""230"":0,""231"":0}",0.0,1879347316192227330,31.029180144247984,0.0,-0.2777777777777778
1764211311000,2025-11-27 10:41:51.000,104.214676,35.932233,104.20807582261632,35.92648226016067,104.205416,35.926692,1.0,0.0,20212.8,1.0,1,612042023200098,"{""1"":202128,""3"":0,""37"":0,""48"":80,""49"":20,""224"":""AC8="",""225"":202128,""226"":0,""227"":281474976710656,""228"":0,""229"":0,""230"":0,""231"":0}",0.111,1879353494011949057,0.0,0.0,0.0
1764211311000,2025-11-27 10:41:51.000,104.21499,35.931606,104.20838833445588,35.92585864891449,104.205727,35.926071,0.0,0.0,14783.7,1.0,1,612042023200085,"{""1"":147837,""3"":0,""37"":0,""48"":80,""49"":29,""224"":""AC8="",""225"":147837,""226"":0,""227"":281474976710656,""228"":0,""229"":0,""230"":0,""231"":0}",0.0,1879358279721201665,18.04173318299407,0.0,0.0
1764211311000,2025-11-27 10:41:51.000,104.214792,35.93202,104.20819164238392,35.926270038082826,104.205513,35.926482,0.0,0.0,17726.1,1.0,1,612042023200080,"{""1"":177261,""3"":0,""37"":0,""48"":80,""49"":36,""224"":""AC8="",""225"":177261,""226"":0,""227"":281474976710656,""228"":0,""229"":0,""230"":0,""231"":0}",0.0,1879364340897329154,25.79969523482868,0.0,0.0
1764211312000,2025-11-27 10:41:52.000,104.21491,35.931756,104.20830945692995,35.9260078009324,104.205624,35.926226,0.0,339.0,17735.8,1.0,1,612042023200066,"{""1"":177358,""3"":0,""37"":16,""48"":80,""49"":34,""224"":""AC8="",""225"":177358,""226"":0,""227"":282574488338432,""228"":0,""229"":1639,""230"":0,""231"":0}",0.0,1879347316192227330,31.029180144247984,0.0,0.0
1764211312000,2025-11-27 10:41:52.000,104.214675,35.932231,104.2080748239622,35.92648026112326,104.205415,35.92669,1.0,0.0,20212.8,1.0,1,612042023200098,"{""1"":202128,""3"":0,""37"":0,""48"":80,""49"":20,""224"":""AC8="",""225"":202128,""226"":0,""227"":281474976710656,""228"":0,""229"":0,""230"":0,""231"":0}",0.24,1879353494011949057,0.0,0.0,-0.2777777777777778
1764211312000,2025-11-27 10:41:52.000,104.21499,35.931606,104.20838833445588,35.92585864891449,104.205727,35.926071,0.0,0.0,14783.7,1.0,1,612042023200085,"{""1"":147837,""3"":0,""37"":0,""48"":80,""49"":29,""224"":""AC8="",""225"":147837,""226"":0,""227"":281474976710656,""228"":0,""229"":0,""230"":0,""231"":0}",0.0,1879358279721201665,18.04173318299407,0.0,0.5555555555555556
1764211312000,2025-11-27 10:41:52.000,104.214792,35.93202,104.20819164238392,35.926270038082826,104.205513,35.926482,0.0,0.0,17726.1,1.0,1,612042023200080,"{""1"":177261,""3"":0,""37"":0,""48"":80,""49"":35,""224"":""AC8="",""225"":177261,""226"":0,""227"":281474976710656,""228"":0,""229"":0,""230"":0,""231"":0}",0.0,1879364340897329154,25.633307030586373,0.0,-0.2777777777777778
1764211313000,2025-11-27 10:41:53.000,104.21491,35.931756,104.20830945692995,35.9260078009324,104.205624,35.926226,0.0,339.0,17735.8,1.0,1,612042023200066,"{""1"":177358,""3"":0,""37"":16,""48"":80,""49"":34,""224"":""AC8="",""225"":177358,""226"":0,""227"":282574488338432,""228"":0,""229"":1639,""230"":0,""231"":0}",0.0,1879347316192227330,31.029180144247984,0.0,0.0
1764211313000,2025-11-27 10:41:53.000,104.214675,35.932231,104.2080748239622,35.92648026112326,104.205416,35.926691,0.0,0.0,20212.8,1.0,1,612042023200098,"{""1"":202128,""3"":0,""37"":0,""48"":80,""49"":20,""224"":""AC8="",""225"":202128,""226"":0,""227"":281474976710656,""228"":0,""229"":0,""230"":0,""231"":0}",0.0,1879353494011949057,0.0,0.0,0.0
1764211313000,2025-11-27 10:41:53.000,104.21499,35.931606,104.20838833445588,35.92585864891449,104.205727,35.926071,0.0,0.0,14783.7,1.0,1,612042023200085,"{""1"":147837,""3"":0,""37"":0,""48"":80,""49"":29,""224"":""AC8="",""225"":147837,""226"":0,""227"":281474976710656,""228"":0,""229"":0,""230"":0,""231"":0}",0.0,1879358279721201665,18.04173318299407,0.0,-0.2777777777777778
1764211313000,2025-11-27 10:41:53.000,104.214792,35.93202,104.20819164238392,35.926270038082826,104.205514,35.926482,0.0,0.0,17726.1,1.0,1,612042023200080,"{""1"":177261,""3"":0,""37"":0,""48"":80,""49"":35,""224"":""AC8="",""225"":177261,""226"":0,""227"":281474976710656,""228"":0,""229"":0,""230"":0,""231"":0}",0.0,1879364340897329154,25.633307030586373,0.0,0.2777777777777778
1764211314000,2025-11-27 10:41:54.000,104.21491,35.931756,104.20830945692995,35.9260078009324,104.205625,35.926226,0.0,339.0,17735.8,1.0,1,612042023200066,"{""1"":177358,""3"":0,""37"":16,""48"":80,""49"":34,""224"":""AC8="",""225"":177358,""226"":0,""227"":282574488338432,""228"":0,""229"":1639,""230"":0,""231"":0}",0.0,1879347316192227330,31.029180144247984,0.0,0.0
1764211314000,2025-11-27 10:41:54.000,104.214675,35.932232,104.20807482401698,35.92648126137229,104.205415,35.926691,1.0,0.0,20212.8,1.0,1,612042023200098,"{""1"":202128,""3"":0,""37"":0,""48"":80,""49"":20,""224"":""AC8="",""225"":202128,""226"":0,""227"":281474976710656,""228"":0,""229"":0,""230"":0,""231"":0}",0.111,1879353494011949057,0.0,0.0,0.0
1764211314000,2025-11-27 10:41:54.000,104.21499,35.931606,104.20838833445588,35.92585864891449,104.205727,35.926071,0.0,0.0,14783.7,1.0,1,612042023200085,"{""1"":147837,""3"":0,""37"":0,""48"":80,""49"":29,""224"":""AC8="",""225"":147837,""226"":0,""227"":281474976710656,""228"":0,""229"":0,""230"":0,""231"":0}",0.0,1879358279721201665,18.04173318299407,0.0,0.0
1764211314000,2025-11-27 10:41:54.000,104.214792,35.93202,104.20819164238392,35.926270038082826,104.205514,35.926482,0.0,0.0,17726.1,1.0,1,612042023200080,"{""1"":177261,""3"":0,""37"":0,""48"":80,""49"":35,""224"":""AC8="",""225"":177261,""226"":0,""227"":281474976710656,""228"":0,""229"":0,""230"":0,""231"":0}",0.0,1879364340897329154,25.73477250012174,0.0,0.5555555555555556
1764211315000,2025-11-27 10:41:55.000,104.21491,35.931756,104.20830945692995,35.9260078009324,104.205625,35.926226,0.0,339.0,17735.8,1.0,1,612042023200066,"{""1"":177358,""3"":0,""37"":16,""48"":80,""49"":34,""224"":""AC8="",""225"":177358,""226"":0,""227"":282574488338432,""228"":0,""229"":1639,""230"":0,""231"":0}",0.0,1879347316192227330,31.029180144247984,0.0,-0.5555555555555556
1764211315000,2025-11-27 10:41:55.000,104.214675,35.932232,104.20807482401698,35.92648126137229,104.205417,35.926692,0.0,0.0,20212.8,1.0,1,612042023200098,"{""1"":202128,""3"":0,""37"":0,""48"":80,""49"":20,""224"":""AC8="",""225"":202128,""226"":0,""227"":281474976710656,""228"":0,""229"":0,""230"":0,""231"":0}",0.0,1879353494011949057,0.0,0.0,0.0
1764211315000,2025-11-27 10:41:55.000,104.21499,35.931606,104.20838833445588,35.92585864891449,104.205727,35.926071,0.0,0.0,14783.7,1.0,1,612042023200085,"{""1"":147837,""3"":0,""37"":0,""48"":80,""49"":29,""224"":""AC8="",""225"":147837,""226"":0,""227"":281474976710656,""228"":0,""229"":0,""230"":0,""231"":0}",0.0,1879358279721201665,18.04173318299407,0.0,0.0
1764211315000,2025-11-27 10:41:55.000,104.214792,35.93202,104.20819164238392,35.926270038082826,104.205514,35.926482,0.0,0.0,17726.1,1.0,1,612042023200080,"{""1"":177261,""3"":0,""37"":0,""48"":80,""49"":34,""224"":""AC8="",""225"":177261,""226"":0,""227"":281474976710656,""228"":0,""229"":0,""230"":0,""231"":0}",0.0,1879364340897329154,25.73477250012174,0.0,0.0
1764211316000,2025-11-27 10:41:56.000,104.21491,35.931756,104.20830945692995,35.9260078009324,104.205625,35.926226,0.0,339.0,17735.8,1.0,1,612042023200066,"{""1"":177358,""3"":0,""37"":16,""48"":80,""49"":33,""224"":""AC8="",""225"":177358,""226"":0,""227"":282574488338432,""228"":0,""229"":1639,""230"":0,""231"":0}",0.0,1879347316192227330,31.029180144247984,0.0,0.0
1764211316000,2025-11-27 10:41:56.000,104.214676,35.932232,104.20807582256154,35.92648125991164,104.205416,35.926691,1.0,0.0,20212.8,1.0,1,612042023200098,"{""1"":202128,""3"":0,""37"":0,""48"":80,""49"":19,""224"":""AC8="",""225"":202128,""226"":0,""227"":281474976710656,""228"":0,""229"":0,""230"":0,""231"":0}",0.09,1879353494011949057,0.0,0.0,0.0
1764211316000,2025-11-27 10:41:56.000,104.21499,35.931606,104.20838833445588,35.92585864891449,104.205726,35.926071,0.0,0.0,14783.7,1.0,1,612042023200085,"{""1"":147837,""3"":0,""37"":0,""48"":80,""49"":29,""224"":""AC8="",""225"":147837,""226"":0,""227"":281474976710656,""228"":0,""229"":0,""230"":0,""231"":0}",0.0,1879358279721201665,18.04173318299407,0.0,-0.2777777777777778
1764211316000,2025-11-27 10:41:56.000,104.214792,35.93202,104.20819164238392,35.926270038082826,104.205514,35.926482,0.0,0.0,17726.1,1.0,1,612042023200080,"{""1"":177261,""3"":0,""37"":0,""48"":80,""49"":35,""224"":""AC8="",""225"":177261,""226"":0,""227"":281474976710656,""228"":0,""229"":0,""230"":0,""231"":0}",0.0,1879364340897329154,25.698005412968236,0.0,0.5555555555555556
1764211317000,2025-11-27 10:41:57.000,104.21491,35.931756,104.20830945692995,35.9260078009324,104.205625,35.926226,0.0,339.0,17735.8,1.0,1,612042023200066,"{""1"":177358,""3"":0,""37"":16,""48"":80,""49"":33,""224"":""AC8="",""225"":177358,""226"":0,""227"":282574488338432,""228"":0,""229"":1639,""230"":0,""231"":0}",0.0,1879347316192227330,31.029180144247984,0.0,-0.5555555555555556
1764211317000,2025-11-27 10:41:57.000,104.214676,35.932231,104.20807582250676,35.92648025966261,104.205416,35.92669,1.0,0.0,20212.8,1.0,1,612042023200098,"{""1"":202128,""3"":0,""37"":0,""48"":80,""49"":20,""224"":""AC8="",""225"":202128,""226"":0,""227"":281474976710656,""228"":0,""229"":0,""230"":0,""231"":0}",0.111,1879353494011949057,0.0,0.0,0.0
1764211317000,2025-11-27 10:41:57.000,104.21499,35.931606,104.20838833445588,35.92585864891449,104.205726,35.92607,0.0,0.0,14783.7,1.0,1,612042023200085,"{""1"":147837,""3"":0,""37"":0,""48"":80,""49"":29,""224"":""AC8="",""225"":147837,""226"":0,""227"":281474976710656,""228"":0,""229"":0,""230"":0,""231"":0}",0.0,1879358279721201665,18.04173318299407,0.0,0.2777777777777778
1764211317000,2025-11-27 10:41:57.000,104.214792,35.93202,104.20819164238392,35.926270038082826,104.205514,35.926482,0.0,0.0,17726.1,1.0,1,612042023200080,"{""1"":177261,""3"":0,""37"":0,""48"":80,""49"":35,""224"":""AC8="",""225"":177261,""226"":0,""227"":281474976710656,""228"":0,""229"":0,""230"":0,""231"":0}",0.0,1879364340897329154,25.59639488563028,0.0,-0.2777777777777778
1764211318000,2025-11-27 10:41:58.000,104.21491,35.931756,104.20830945692995,35.9260078009324,104.205625,35.926226,0.0,339.0,17735.8,1.0,1,612042023200066,"{""1"":177358,""3"":0,""37"":16,""48"":80,""49"":34,""224"":""AC8="",""225"":177358,""226"":0,""227"":282574488338432,""228"":0,""229"":1639,""230"":0,""231"":0}",0.0,1879347316192227330,31.029180144247984,0.0,0.2777777777777778
1764211318000,2025-11-27 10:41:58.000,104.214675,35.932232,104.20807482401698,35.92648126137229,104.205415,35.926691,1.0,0.0,20212.8,1.0,1,612042023200098,"{""1"":202128,""3"":0,""37"":0,""48"":80,""49"":20,""224"":""AC8="",""225"":202128,""226"":0,""227"":281474976710656,""228"":0,""229"":0,""230"":0,""231"":0}",0.143,1879353494011949057,0.0,0.0,0.0
1764211318000,2025-11-27 10:41:58.000,104.21499,35.931606,104.20838833445588,35.92585864891449,104.205726,35.92607,0.0,0.0,14783.7,1.0,1,612042023200085,"{""1"":147837,""3"":0,""37"":0,""48"":80,""49"":29,""224"":""AC8="",""225"":147837,""226"":0,""227"":281474976710656,""228"":0,""229"":0,""230"":0,""231"":0}",0.0,1879358279721201665,18.04173318299407,0.0,-0.2777777777777778
1764211318000,2025-11-27 10:41:58.000,104.214792,35.93202,104.20819164238392,35.926270038082826,104.205514,35.926482,0.0,0.0,17726.1,1.0,1,612042023200080,"{""1"":177261,""3"":0,""37"":0,""48"":80,""49"":35,""224"":""AC8="",""225"":177261,""226"":0,""227"":281474976710656,""228"":0,""229"":0,""230"":0,""231"":0}",0.0,1879364340897329154,25.73477250012174,0.0,0.0
1764211319000,2025-11-27 10:41:59.000,104.21491,35.931756,104.20830945692995,35.9260078009324,104.205625,35.926226,0.0,339.0,17735.8,1.0,1,612042023200066,"{""1"":177358,""3"":0,""37"":16,""48"":80,""49"":33,""224"":""AC8="",""225"":177358,""226"":0,""227"":282574488338432,""228"":0,""229"":1639,""230"":0,""231"":0}",0.0,1879347316192227330,31.029180144247984,0.0,0.2777777777777778
1764211319000,2025-11-27 10:41:59.000,104.214675,35.932232,104.20807482401698,35.92648126137229,104.205416,35.926692,0.0,0.0,20212.8,1.0,1,612042023200098,"{""1"":202128,""3"":0,""37"":0,""48"":80,""49"":20,""224"":""AC8="",""225"":202128,""226"":0,""227"":281474976710656,""228"":0,""229"":0,""230"":0,""231"":0}",0.0,1879353494011949057,0.0,0.0,-0.2777777777777778
1764211319000,2025-11-27 10:41:59.000,104.21499,35.931606,104.20838833445588,35.92585864891449,104.205725,35.92607,0.0,0.0,14783.7,1.0,1,612042023200085,"{""1"":147837,""3"":0,""37"":0,""48"":80,""49"":29,""224"":""AC8="",""225"":147837,""226"":0,""227"":281474976710656,""228"":0,""229"":0,""230"":0,""231"":0}",0.0,1879358279721201665,18.04173318299407,0.0,0.2777777777777778
1764211319000,2025-11-27 10:41:59.000,104.214792,35.93202,104.20819164238392,35.926270038082826,104.205514,35.926482,0.0,0.0,17726.1,1.0,1,612042023200080,"{""1"":177261,""3"":0,""37"":0,""48"":80,""49"":34,""224"":""AC8="",""225"":177261,""226"":0,""227"":281474976710656,""228"":0,""229"":0,""230"":0,""231"":0}",0.0,1879364340897329154,25.73477250012174,0.0,0.0
1764211320000,2025-11-27 10:42:00.000,104.21491,35.931756,104.20830945692995,35.9260078009324,104.205625,35.926226,0.0,339.0,17735.8,1.0,1,612042023200066,"{""1"":177358,""3"":0,""37"":16,""48"":80,""49"":34,""224"":""AC8="",""225"":177358,""226"":0,""227"":282574488338432,""228"":0,""229"":1639,""230"":0,""231"":0}",0.0,1879347316192227330,31.029180144247984,0.0,0.0
1764211320000,2025-11-27 10:42:00.000,104.214675,35.932232,104.20807482401698,35.92648126137229,104.205415,35.926691,1.0,0.0,20212.8,1.0,1,612042023200098,"{""1"":202128,""3"":0,""37"":0,""48"":80,""49"":19,""224"":""AC8="",""225"":202128,""226"":0,""227"":281474976710656,""228"":0,""229"":0,""230"":0,""231"":0}",0.0,1879353494011949057,0.0,0.0,0.0
1764211320000,2025-11-27 10:42:00.000,104.21499,35.931606,104.20838833445588,35.92585864891449,104.205725,35.92607,0.0,0.0,14783.7,1.0,1,612042023200085,"{""1"":147837,""3"":0,""37"":0,""48"":80,""49"":29,""224"":""AC8="",""225"":147837,""226"":0,""227"":281474976710656,""228"":0,""229"":0,""230"":0,""231"":0}",0.0,1879358279721201665,18.04173318299407,0.0,-0.2777777777777778
1764211320000,2025-11-27 10:42:00.000,104.214792,35.93202,104.20819164238392,35.926270038082826,104.205514,35.926482,0.0,0.0,17726.1,1.0,1,612042023200080,"{""1"":177261,""3"":0,""37"":0,""48"":80,""49"":34,""224"":""AC8="",""225"":177261,""226"":0,""227"":281474976710656,""228"":0,""229"":0,""230"":0,""231"":0}",0.0,1879364340897329154,25.73477250012174,0.0,0.0
1764211321000,2025-11-27 10:42:01.000,104.21491,35.931756,104.20830945692995,35.9260078009324,104.205624,35.926226,0.0,339.0,17735.8,1.0,1,612042023200066,"{""1"":177358,""3"":0,""37"":16,""48"":80,""49"":34,""224"":""AC8="",""225"":177358,""226"":0,""227"":282574488338432,""228"":0,""229"":1639,""230"":0,""231"":0}",0.0,1879347316192227330,31.029180144247984,0.0,0.2777777777777778
1764211321000,2025-11-27 10:42:01.000,104.214675,35.932232,104.20807482401698,35.92648126137229,104.205416,35.926691,0.0,0.0,20212.8,1.0,1,612042023200098,"{""1"":202128,""3"":0,""37"":0,""48"":80,""49"":19,""224"":""AC8="",""225"":202128,""226"":0,""227"":281474976710656,""228"":0,""229"":0,""230"":0,""231"":0}",0.0,1879353494011949057,0.0,0.0,0.0
1764211321000,2025-11-27 10:42:01.000,104.21499,35.931606,104.20838833445588,35.92585864891449,104.205725,35.92607,0.0,0.0,14783.7,1.0,1,612042023200085,"{""1"":147837,""3"":0,""37"":0,""48"":80,""49"":29,""224"":""AC8="",""225"":147837,""226"":0,""227"":281474976710656,""228"":0,""229"":0,""230"":0,""231"":0}",0.0,1879358279721201665,18.04173318299407,0.0,-0.2777777777777778
1764211321000,2025-11-27 10:42:01.000,104.214792,35.93202,104.20819164238392,35.926270038082826,104.205514,35.926482,0.0,0.0,17726.1,1.0,1,612042023200080,"{""1"":177261,""3"":0,""37"":0,""48"":80,""49"":34,""224"":""AC8="",""225"":177261,""226"":0,""227"":281474976710656,""228"":0,""229"":0,""230"":0,""231"":0}",0.0,1879364340897329154,25.73477250012174,0.0,0.2777777777777778
1764211322000,2025-11-27 10:42:02.000,104.21491,35.931756,104.20830945692995,35.9260078009324,104.205624,35.926226,0.0,339.0,17735.8,1.0,1,612042023200066,"{""1"":177358,""3"":0,""37"":16,""48"":80,""49"":34,""224"":""AC8="",""225"":177358,""226"":0,""227"":282574488338432,""228"":0,""229"":1639,""230"":0,""231"":0}",0.0,1879347316192227330,31.029180144247984,0.0,0.0
1764211322000,2025-11-27 10:42:02.000,104.214677,35.932232,104.20807682110616,35.92648125845101,104.205417,35.926691,1.0,0.0,20212.8,1.0,1,612042023200098,"{""1"":202128,""3"":0,""37"":0,""48"":80,""49"":19,""224"":""AC8="",""225"":202128,""226"":0,""227"":281474976710656,""228"":0,""229"":0,""230"":0,""231"":0}",0.18,1879353494011949057,0.0,0.0,-0.2777777777777778
1764211322000,2025-11-27 10:42:02.000,104.21499,35.931606,104.20838833445588,35.92585864891449,104.205725,35.92607,0.0,0.0,14783.7,1.0,1,612042023200085,"{""1"":147837,""3"":0,""37"":0,""48"":80,""49"":29,""224"":""AC8="",""225"":147837,""226"":0,""227"":281474976710656,""228"":0,""229"":0,""230"":0,""231"":0}",0.0,1879358279721201665,18.04173318299407,0.0,0.2777777777777778
1764211322000,2025-11-27 10:42:02.000,104.214792,35.93202,104.20819164238392,35.926270038082826,104.205514,35.926482,0.0,0.0,17726.1,1.0,1,612042023200080,"{""1"":177261,""3"":0,""37"":0,""48"":80,""49"":34,""224"":""AC8="",""225"":177261,""226"":0,""227"":281474976710656,""228"":0,""229"":0,""230"":0,""231"":0}",0.0,1879364340897329154,25.661500676519232,0.0,-0.2777777777777778
1764211323000,2025-11-27 10:42:03.000,104.21491,35.931756,104.20830945692995,35.9260078009324,104.205624,35.926226,0.0,339.0,17735.8,1.0,1,612042023200066,"{""1"":177358,""3"":0,""37"":16,""48"":80,""49"":34,""224"":""AC8="",""225"":177358,""226"":0,""227"":282574488338432,""228"":0,""229"":1639,""230"":0,""231"":0}",0.0,1879347316192227330,31.029180144247984,0.0,0.2777777777777778
1764211323000,2025-11-27 10:42:03.000,104.214676,35.932232,104.20807582256154,35.92648125991164,104.205416,35.926691,1.0,0.0,20212.8,1.0,1,612042023200098,"{""1"":202128,""3"":0,""37"":0,""48"":80,""49"":19,""224"":""AC8="",""225"":202128,""226"":0,""227"":281474976710656,""228"":0,""229"":0,""230"":0,""231"":0}",0.09,1879353494011949057,0.0,0.0,0.0
1764211323000,2025-11-27 10:42:03.000,104.21499,35.931606,104.20838833445588,35.92585864891449,104.205725,35.92607,0.0,0.0,14783.7,1.0,1,612042023200085,"{""1"":147837,""3"":0,""37"":0,""48"":80,""49"":29,""224"":""AC8="",""225"":147837,""226"":0,""227"":281474976710656,""228"":0,""229"":0,""230"":0,""231"":0}",0.0,1879358279721201665,18.04173318299407,0.0,0.0
1764211323000,2025-11-27 10:42:03.000,104.214792,35.93202,104.20819164238392,35.926270038082826,104.205514,35.926482,0.0,0.0,17726.1,1.0,1,612042023200080,"{""1"":177261,""3"":0,""37"":0,""48"":80,""49"":35,""224"":""AC8="",""225"":177261,""226"":0,""227"":281474976710656,""228"":0,""229"":0,""230"":0,""231"":0}",0.0,1879364340897329154,25.698005412968236,0.0,0.0
1764211324000,2025-11-27 10:42:04.000,104.21491,35.931756,104.20830945692995,35.9260078009324,104.205624,35.926225,0.0,339.0,17735.8,1.0,1,612042023200066,"{""1"":177358,""3"":0,""37"":16,""48"":80,""49"":34,""224"":""AC8="",""225"":177358,""226"":0,""227"":282574488338432,""228"":0,""229"":1639,""230"":0,""231"":0}",0.0,1879347316192227330,31.029180144247984,0.0,0.0
1764211324000,2025-11-27 10:42:04.000,104.214675,35.932232,104.20807482401698,35.92648126137229,104.205415,35.926691,1.0,0.0,20212.8,1.0,1,612042023200098,"{""1"":202128,""3"":0,""37"":0,""48"":80,""49"":19,""224"":""AC8="",""225"":202128,""226"":0,""227"":281474976710656,""228"":0,""229"":0,""230"":0,""231"":0}",0.09,1879353494011949057,0.0,0.0,-0.2777777777777778
1764211324000,2025-11-27 10:42:04.000,104.21499,35.931606,104.20838833445588,35.92585864891449,104.205725,35.92607,0.0,0.0,14783.7,1.0,1,612042023200085,"{""1"":147837,""3"":0,""37"":0,""48"":80,""49"":29,""224"":""AC8="",""225"":147837,""226"":0,""227"":281474976710656,""228"":0,""229"":0,""230"":0,""231"":0}",0.0,1879358279721201665,18.04173318299407,0.0,0.0
1764211324000,2025-11-27 10:42:04.000,104.214792,35.93202,104.20819164238392,35.926270038082826,104.205514,35.926482,0.0,0.0,17726.1,1.0,1,612042023200080,"{""1"":177261,""3"":0,""37"":0,""48"":80,""49"":35,""224"":""AC8="",""225"":177261,""226"":0,""227"":281474976710656,""228"":0,""229"":0,""230"":0,""231"":0}",0.0,1879364340897329154,25.73477250012174,0.0,0.0
1764211325000,2025-11-27 10:42:05.000,104.21491,35.931756,104.20830945692995,35.9260078009324,104.205624,35.926225,0.0,339.0,17735.8,1.0,1,612042023200066,"{""1"":177358,""3"":0,""37"":16,""48"":80,""49"":34,""224"":""AC8="",""225"":177358,""226"":0,""227"":282574488338432,""228"":0,""229"":1639,""230"":0,""231"":0}",0.0,1879347316192227330,31.029180144247984,0.0,0.2777777777777778
1764211325000,2025-11-27 10:42:05.000,104.214675,35.932232,104.20807482401698,35.92648126137229,104.205416,35.926692,0.0,0.0,20212.8,1.0,1,612042023200098,"{""1"":202128,""3"":0,""37"":0,""48"":80,""49"":19,""224"":""AC8="",""225"":202128,""226"":0,""227"":281474976710656,""228"":0,""229"":0,""230"":0,""231"":0}",0.0,1879353494011949057,0.0,0.0,0.0
1764211325000,2025-11-27 10:42:05.000,104.21499,35.931606,104.20838833445588,35.92585864891449,104.205724,35.92607,0.0,0.0,14783.7,1.0,1,612042023200085,"{""1"":147837,""3"":0,""37"":0,""48"":80,""49"":29,""224"":""AC8="",""225"":147837,""226"":0,""227"":281474976710656,""228"":0,""229"":0,""230"":0,""231"":0}",0.0,1879358279721201665,18.04173318299407,0.0,0.0
1764211325000,2025-11-27 10:42:05.000,104.214792,35.93202,104.20819164238392,35.926270038082826,104.205514,35.926482,0.0,0.0,17726.1,1.0,1,612042023200080,"{""1"":177261,""3"":0,""37"":0,""48"":80,""49"":35,""224"":""AC8="",""225"":177261,""226"":0,""227"":281474976710656,""228"":0,""229"":0,""230"":0,""231"":0}",0.0,1879364340897329154,25.73477250012174,0.0,0.0
1764211326000,2025-11-27 10:42:06.000,104.21491,35.931756,104.20830945692995,35.9260078009324,104.205624,35.926225,0.0,339.0,17735.8,1.0,1,612042023200066,"{""1"":177358,""3"":0,""37"":16,""48"":80,""49"":34,""224"":""AC8="",""225"":177358,""226"":0,""227"":282574488338432,""228"":0,""229"":1639,""230"":0,""231"":0}",0.0,1879347316192227330,31.029180144247984,0.0,-0.2777777777777778
1764211326000,2025-11-27 10:42:06.000,104.214676,35.932232,104.20807582256154,35.92648125991164,104.205416,35.926691,1.0,0.0,20212.8,1.0,1,612042023200098,"{""1"":202128,""3"":0,""37"":0,""48"":80,""49"":20,""224"":""AC8="",""225"":202128,""226"":0,""227"":281474976710656,""228"":0,""229"":0,""230"":0,""231"":0}",0.09,1879353494011949057,0.0,0.0,0.2777777777777778
1764211326000,2025-11-27 10:42:06.000,104.21499,35.931606,104.20838833445588,35.92585864891449,104.205724,35.92607,0.0,0.0,14783.7,1.0,1,612042023200085,"{""1"":147837,""3"":0,""37"":0,""48"":80,""49"":29,""224"":""AC8="",""225"":147837,""226"":0,""227"":281474976710656,""228"":0,""229"":0,""230"":0,""231"":0}",0.0,1879358279721201665,18.04173318299407,0.0,-0.2777777777777778
1764211326000,2025-11-27 10:42:06.000,104.214792,35.93202,104.20819164238392,35.926270038082826,104.205514,35.926482,0.0,0.0,17726.1,1.0,1,612042023200080,"{""1"":177261,""3"":0,""37"":0,""48"":80,""49"":34,""224"":""AC8="",""225"":177261,""226"":0,""227"":281474976710656,""228"":0,""229"":0,""230"":0,""231"":0}",0.0,1879364340897329154,25.698005412968236,0.0,0.2777777777777778
1764211327000,2025-11-27 10:42:07.000,104.21491,35.931756,104.20830945692995,35.9260078009324,104.205624,35.926225,0.0,339.0,17735.8,1.0,1,612042023200066,"{""1"":177358,""3"":0,""37"":16,""48"":80,""49"":34,""224"":""AC8="",""225"":177358,""226"":0,""227"":282574488338432,""228"":0,""229"":1639,""230"":0,""231"":0}",0.0,1879347316192227330,31.029180144247984,0.0,0.0
1764211327000,2025-11-27 10:42:07.000,104.214677,35.932231,104.20807682105138,35.926480258201984,104.205417,35.92669,1.0,0.0,20212.8,1.0,1,612042023200098,"{""1"":202128,""3"":0,""37"":0,""48"":80,""49"":19,""224"":""AC8="",""225"":202128,""226"":0,""227"":281474976710656,""228"":0,""229"":0,""230"":0,""231"":0}",0.143,1879353494011949057,0.0,0.0,0.0
1764211327000,2025-11-27 10:42:07.000,104.21499,35.931606,104.20838833445588,35.92585864891449,104.205724,35.92607,0.0,0.0,14783.7,1.0,1,612042023200085,"{""1"":147837,""3"":0,""37"":0,""48"":80,""49"":29,""224"":""AC8="",""225"":147837,""226"":0,""227"":281474976710656,""228"":0,""229"":0,""230"":0,""231"":0}",0.0,1879358279721201665,18.04173318299407,0.0,-0.2777777777777778
1764211327000,2025-11-27 10:42:07.000,104.214792,35.93202,104.20819164238392,35.926270038082826,104.205514,35.926482,0.0,0.0,17726.1,1.0,1,612042023200080,"{""1"":177261,""3"":0,""37"":0,""48"":80,""49"":35,""224"":""AC8="",""225"":177261,""226"":0,""227"":281474976710656,""228"":0,""229"":0,""230"":0,""231"":0}",0.0,1879364340897329154,25.55974571713927,0.0,0.2777777777777778
1764211328000,2025-11-27 10:42:08.000,104.21491,35.931756,104.20830945692995,35.9260078009324,104.205624,35.926225,0.0,339.0,17735.8,1.0,1,612042023200066,"{""1"":177358,""3"":0,""37"":16,""48"":80,""49"":34,""224"":""AC8="",""225"":177358,""226"":0,""227"":282574488338432,""228"":0,""229"":1639,""230"":0,""231"":0}",0.0,1879347316192227330,31.029180144247984,0.0,-0.2777777777777778
1764211328000,2025-11-27 10:42:08.000,104.214677,35.932231,104.20807682105138,35.926480258201984,104.205416,35.92669,0.0,0.0,20212.8,1.0,1,612042023200098,"{""1"":202128,""3"":0,""37"":0,""48"":80,""49"":19,""224"":""AC8="",""225"":202128,""226"":0,""227"":281474976710656,""228"":0,""229"":0,""230"":0,""231"":0}",0.0,1879353494011949057,0.0,0.0,0.2777777777777778
1764211328000,2025-11-27 10:42:08.000,104.21499,35.931606,104.20838833445588,35.92585864891449,104.205724,35.92607,0.0,0.0,14783.7,1.0,1,612042023200085,"{""1"":147837,""3"":0,""37"":0,""48"":80,""49"":29,""224"":""AC8="",""225"":147837,""226"":0,""227"":281474976710656,""228"":0,""229"":0,""230"":0,""231"":0}",0.0,1879358279721201665,18.04173318299407,0.0,0.0
1764211328000,2025-11-27 10:42:08.000,104.214792,35.93202,104.20819164238392,35.926270038082826,104.205514,35.926482,0.0,0.0,17726.1,1.0,1,612042023200080,"{""1"":177261,""3"":0,""37"":0,""48"":80,""49"":34,""224"":""AC8="",""225"":177261,""226"":0,""227"":281474976710656,""228"":0,""229"":0,""230"":0,""231"":0}",0.0,1879364340897329154,25.55974571713927,0.0,0.0
1764211329000,2025-11-27 10:42:09.000,104.21491,35.931756,104.20830945692995,35.9260078009324,104.205624,35.926225,0.0,339.0,17735.8,1.0,1,612042023200066,"{""1"":177358,""3"":0,""37"":16,""48"":80,""49"":34,""224"":""AC8="",""225"":177358,""226"":0,""227"":282574488338432,""228"":0,""229"":1639,""230"":0,""231"":0}",0.0,1879347316192227330,31.029180144247984,0.0,-0.2777777777777778
1764211329000,2025-11-27 10:42:09.000,104.214675,35.932232,104.20807482401698,35.92648126137229,104.205415,35.926691,1.0,0.0,20212.8,1.0,1,612042023200098,"{""1"":202128,""3"":0,""37"":0,""48"":80,""49"":20,""224"":""AC8="",""225"":202128,""226"":0,""227"":281474976710656,""228"":0,""229"":0,""230"":0,""231"":0}",0.212,1879353494011949057,0.0,0.0,0.2777777777777778
1764211329000,2025-11-27 10:42:09.000,104.21499,35.931606,104.20838833445588,35.92585864891449,104.205724,35.92607,0.0,0.0,14783.7,1.0,1,612042023200085,"{""1"":147837,""3"":0,""37"":0,""48"":80,""49"":29,""224"":""AC8="",""225"":147837,""226"":0,""227"":281474976710656,""228"":0,""229"":0,""230"":0,""231"":0}",0.0,1879358279721201665,18.04173318299407,0.0,0.0
1764211329000,2025-11-27 10:42:09.000,104.214792,35.93202,104.20819164238392,35.926270038082826,104.205514,35.926483,0.0,0.0,17726.1,1.0,1,612042023200080,"{""1"":177261,""3"":0,""37"":0,""48"":80,""49"":34,""224"":""AC8="",""225"":177261,""226"":0,""227"":281474976710656,""228"":0,""229"":0,""230"":0,""231"":0}",0.0,1879364340897329154,25.73477250012174,0.0,-0.2777777777777778
1764211330000,2025-11-27 10:42:10.000,104.21491,35.931756,104.20830945692995,35.9260078009324,104.205624,35.926225,0.0,339.0,17735.8,1.0,1,612042023200066,"{""1"":177358,""3"":0,""37"":16,""48"":80,""49"":33,""224"":""AC8="",""225"":177358,""226"":0,""227"":282574488338432,""228"":0,""229"":1639,""230"":0,""231"":0}",0.0,1879347316192227330,31.029180144247984,0.0,0.2777777777777778
1764211330000,2025-11-27 10:42:10.000,104.214676,35.932231,104.20807582250676,35.92648025966261,104.205416,35.92669,1.0,0.0,20212.8,1.0,1,612042023200098,"{""1"":202128,""3"":0,""37"":0,""48"":80,""49"":19,""224"":""AC8="",""225"":202128,""226"":0,""227"":281474976710656,""228"":0,""229"":0,""230"":0,""231"":0}",0.143,1879353494011949057,0.0,0.0,0.0
1764211330000,2025-11-27 10:42:10.000,104.21499,35.931606,104.20838833445588,35.92585864891449,104.205724,35.92607,0.0,0.0,14783.7,1.0,1,612042023200085,"{""1"":147837,""3"":0,""37"":0,""48"":80,""49"":29,""224"":""AC8="",""225"":147837,""226"":0,""227"":281474976710656,""228"":0,""229"":0,""230"":0,""231"":0}",0.0,1879358279721201665,18.04173318299407,0.0,0.0
1764211330000,2025-11-27 10:42:10.000,104.214792,35.93202,104.20819164238392,35.926270038082826,104.205514,35.926483,0.0,0.0,17726.1,1.0,1,612042023200080,"{""1"":177261,""3"":0,""37"":0,""48"":80,""49"":34,""224"":""AC8="",""225"":177261,""226"":0,""227"":281474976710656,""228"":0,""229"":0,""230"":0,""231"":0}",0.0,1879364340897329154,25.59639488563028,0.0,0.0
1764211331000,2025-11-27 10:42:11.000,104.21491,35.931756,104.20830945692995,35.9260078009324,104.205624,35.926225,0.0,339.0,17735.8,1.0,1,612042023200066,"{""1"":177358,""3"":0,""37"":16,""48"":80,""49"":34,""224"":""AC8="",""225"":177358,""226"":0,""227"":282574488338432,""228"":0,""229"":1639,""230"":0,""231"":0}",0.0,1879347316192227330,31.029180144247984,0.0,-0.2777777777777778
1764211331000,2025-11-27 10:42:11.000,104.214678,35.932232,104.20807781965078,35.926481256990414,104.205418,35.926691,1.0,0.0,20212.8,1.0,1,612042023200098,"{""1"":202128,""3"":0,""37"":0,""48"":80,""49"":19,""224"":""AC8="",""225"":202128,""226"":0,""227"":281474976710656,""228"":0,""229"":0,""230"":0,""231"":0}",0.211,1879353494011949057,0.0,0.0,0.2777777777777778
1764211331000,2025-11-27 10:42:11.000,104.21499,35.931606,104.20838833445588,35.92585864891449,104.205723,35.92607,0.0,0.0,14783.7,1.0,1,612042023200085,"{""1"":147837,""3"":0,""37"":0,""48"":80,""49"":29,""224"":""AC8="",""225"":147837,""226"":0,""227"":281474976710656,""228"":0,""229"":0,""230"":0,""231"":0}",0.0,1879358279721201665,18.04173318299407,0.0,-0.2777777777777778
1764211331000,2025-11-27 10:42:11.000,104.214792,35.93202,104.20819164238392,35.926270038082826,104.205514,35.926483,0.0,0.0,17726.1,1.0,1,612042023200080,"{""1"":177261,""3"":0,""37"":0,""48"":80,""49"":34,""224"":""AC8="",""225"":177261,""226"":0,""227"":281474976710656,""228"":0,""229"":0,""230"":0,""231"":0}",0.0,1879364340897329154,25.625259414803295,0.0,0.2777777777777778
1764211332000,2025-11-27 10:42:12.000,104.21491,35.931756,104.20830945692995,35.9260078009324,104.205624,35.926225,0.0,339.0,17735.8,1.0,1,612042023200066,"{""1"":177358,""3"":0,""37"":16,""48"":80,""49"":33,""224"":""AC8="",""225"":177358,""226"":0,""227"":282574488338432,""228"":0,""229"":1639,""230"":0,""231"":0}",0.0,1879347316192227330,31.029180144247984,0.0,-0.2777777777777778
1764211332000,2025-11-27 10:42:12.000,104.214677,35.932232,104.20807682110616,35.92648125845101,104.205417,35.926691,1.0,0.0,20212.8,1.0,1,612042023200098,"{""1"":202128,""3"":0,""37"":0,""48"":80,""49"":19,""224"":""AC8="",""225"":202128,""226"":0,""227"":281474976710656,""228"":0,""229"":0,""230"":0,""231"":0}",0.09,1879353494011949057,0.0,0.0,0.0
1764211332000,2025-11-27 10:42:12.000,104.21499,35.931606,104.20838833445588,35.92585864891449,104.205723,35.92607,0.0,0.0,14783.7,1.0,1,612042023200085,"{""1"":147837,""3"":0,""37"":0,""48"":80,""49"":29,""224"":""AC8="",""225"":147837,""226"":0,""227"":281474976710656,""228"":0,""229"":0,""230"":0,""231"":0}",0.0,1879358279721201665,18.04173318299407,0.0,0.2777777777777778
1764211332000,2025-11-27 10:42:12.000,104.214792,35.93202,104.20819164238392,35.926270038082826,104.205514,35.926483,0.0,0.0,17726.1,1.0,1,612042023200080,"{""1"":177261,""3"":0,""37"":0,""48"":80,""49"":34,""224"":""AC8="",""225"":177261,""226"":0,""227"":281474976710656,""228"":0,""229"":0,""230"":0,""231"":0}",0.0,1879364340897329154,25.661500676519232,0.0,-0.2777777777777778
1764211333000,2025-11-27 10:42:13.000,104.21491,35.931756,104.20830945692995,35.9260078009324,104.205624,35.926225,0.0,339.0,17735.8,1.0,1,612042023200066,"{""1"":177358,""3"":0,""37"":16,""48"":80,""49"":33,""224"":""AC8="",""225"":177358,""226"":0,""227"":282574488338432,""228"":0,""229"":1639,""230"":0,""231"":0}",0.0,1879347316192227330,31.029180144247984,0.0,0.2777777777777778
1764211333000,2025-11-27 10:42:13.000,104.214677,35.932232,104.20807682110616,35.92648125845101,104.205417,35.926691,0.0,0.0,20212.8,1.0,1,612042023200098,"{""1"":202128,""3"":0,""37"":0,""48"":80,""49"":19,""224"":""AC8="",""225"":202128,""226"":0,""227"":281474976710656,""228"":0,""229"":0,""230"":0,""231"":0}",0.0,1879353494011949057,0.0,0.0,0.0
1764211333000,2025-11-27 10:42:13.000,104.21499,35.931606,104.20838833445588,35.92585864891449,104.205723,35.92607,0.0,0.0,14783.7,1.0,1,612042023200085,"{""1"":147837,""3"":0,""37"":0,""48"":80,""49"":29,""224"":""AC8="",""225"":147837,""226"":0,""227"":281474976710656,""228"":0,""229"":0,""230"":0,""231"":0}",0.0,1879358279721201665,18.04173318299407,0.0,0.0
1764211333000,2025-11-27 10:42:13.000,104.214792,35.93202,104.20819164238392,35.926270038082826,104.205514,35.926483,0.0,0.0,17726.1,1.0,1,612042023200080,"{""1"":177261,""3"":0,""37"":0,""48"":80,""49"":34,""224"":""AC8="",""225"":177261,""226"":0,""227"":281474976710656,""228"":0,""229"":0,""230"":0,""231"":0}",0.0,1879364340897329154,25.661500676519232,0.0,-0.2777777777777778
1764211334000,2025-11-27 10:42:14.000,104.21491,35.931756,104.20830945692995,35.9260078009324,104.205623,35.926225,0.0,339.0,17735.8,1.0,1,612042023200066,"{""1"":177358,""3"":0,""37"":16,""48"":80,""49"":33,""224"":""AC8="",""225"":177358,""226"":0,""227"":282574488338432,""228"":0,""229"":1639,""230"":0,""231"":0}",0.0,1879347316192227330,31.029180144247984,0.0,0.2777777777777778
1764211334000,2025-11-27 10:42:14.000,104.214676,35.932233,104.20807582261632,35.92648226016067,104.205416,35.926692,1.0,0.0,20212.8,1.0,1,612042023200098,"{""1"":202128,""3"":0,""37"":0,""48"":80,""49"":20,""224"":""AC8="",""225"":202128,""226"":0,""227"":281474976710656,""228"":0,""229"":0,""230"":0,""231"":0}",0.143,1879353494011949057,0.0,0.0,0.0
1764211334000,2025-11-27 10:42:14.000,104.21499,35.931606,104.20838833445588,35.92585864891449,104.205723,35.92607,0.0,0.0,14783.7,1.0,1,612042023200085,"{""1"":147837,""3"":0,""37"":0,""48"":80,""49"":31,""224"":""AC8="",""225"":147837,""226"":0,""227"":281474976710656,""228"":0,""229"":0,""230"":0,""231"":0}",0.0,1879358279721201665,18.04173318299407,0.0,0.0
1764211334000,2025-11-27 10:42:14.000,104.214792,35.93202,104.20819164238392,35.926270038082826,104.205513,35.926483,0.0,0.0,17726.1,1.0,1,612042023200080,"{""1"":177261,""3"":0,""37"":0,""48"":80,""49"":34,""224"":""AC8="",""225"":177261,""226"":0,""227"":281474976710656,""228"":0,""229"":0,""230"":0,""231"":0}",0.0,1879364340897329154,25.79969523482868,0.0,-0.2777777777777778
1764211335000,2025-11-27 10:42:15.000,104.21491,35.931756,104.20830945692995,35.9260078009324,104.205623,35.926225,0.0,339.0,17735.8,1.0,1,612042023200066,"{""1"":177358,""3"":0,""37"":16,""48"":80,""49"":33,""224"":""AC8="",""225"":177358,""226"":0,""227"":282574488338432,""228"":0,""229"":1639,""230"":0,""231"":0}",0.0,1879347316192227330,31.029180144247984,0.0,0.2777777777777778
1764211335000,2025-11-27 10:42:15.000,104.214676,35.932233,104.20807582261632,35.92648226016067,104.205416,35.926692,0.0,0.0,20212.8,1.0,1,612042023200098,"{""1"":202128,""3"":0,""37"":0,""48"":80,""49"":19,""224"":""AC8="",""225"":202128,""226"":0,""227"":281474976710656,""228"":0,""229"":0,""230"":0,""231"":0}",0.0,1879353494011949057,0.0,0.0,0.0
1764211335000,2025-11-27 10:42:15.000,104.21499,35.931606,104.20838833445588,35.92585864891449,104.205723,35.92607,0.0,0.0,14783.7,1.0,1,612042023200085,"{""1"":147837,""3"":0,""37"":0,""48"":80,""49"":29,""224"":""AC8="",""225"":147837,""226"":0,""227"":281474976710656,""228"":0,""229"":0,""230"":0,""231"":0}",0.0,1879358279721201665,18.04173318299407,0.0,0.0
1764211335000,2025-11-27 10:42:15.000,104.214792,35.93202,104.20819164238392,35.926270038082826,104.205513,35.926483,0.0,0.0,17726.1,1.0,1,612042023200080,"{""1"":177261,""3"":0,""37"":0,""48"":80,""49"":34,""224"":""AC8="",""225"":177261,""226"":0,""227"":281474976710656,""228"":0,""229"":0,""230"":0,""231"":0}",0.0,1879364340897329154,25.79969523482868,0.0,0.0
1764211336000,2025-11-27 10:42:16.000,104.21491,35.931756,104.20830945692995,35.9260078009324,104.205623,35.926225,0.0,339.0,17735.8,1.0,1,612042023200066,"{""1"":177358,""3"":0,""37"":16,""48"":80,""49"":33,""224"":""AC8="",""225"":177358,""226"":0,""227"":282574488338432,""228"":0,""229"":1639,""230"":0,""231"":0}",0.0,1879347316192227330,31.029180144247984,0.0,0.0
1764211336000,2025-11-27 10:42:16.000,104.214677,35.932233,104.20807682116092,35.92648225870004,104.205417,35.926692,1.0,0.0,20212.8,1.0,1,612042023200098,"{""1"":202128,""3"":0,""37"":0,""48"":80,""49"":20,""224"":""AC8="",""225"":202128,""226"":0,""227"":281474976710656,""228"":0,""229"":0,""230"":0,""231"":0}",0.09,1879353494011949057,0.0,0.0,-0.2777777777777778
1764211336000,2025-11-27 10:42:16.000,104.21499,35.931606,104.20838833445588,35.92585864891449,104.205723,35.92607,0.0,0.0,14783.7,1.0,1,612042023200085,"{""1"":147837,""3"":0,""37"":0,""48"":80,""49"":29,""224"":""AC8="",""225"":147837,""226"":0,""227"":281474976710656,""228"":0,""229"":0,""230"":0,""231"":0}",0.0,1879358279721201665,18.04173318299407,0.0,0.2777777777777778
1764211336000,2025-11-27 10:42:16.000,104.214792,35.93202,104.20819164238392,35.926270038082826,104.205513,35.926483,0.0,0.0,17726.1,1.0,1,612042023200080,"{""1"":177261,""3"":0,""37"":0,""48"":80,""49"":34,""224"":""AC8="",""225"":177261,""226"":0,""227"":281474976710656,""228"":0,""229"":0,""230"":0,""231"":0}",0.0,1879364340897329154,25.76333390326966,0.0,-0.2777777777777778
1764211337000,2025-11-27 10:42:17.000,104.21491,35.931756,104.20830945692995,35.9260078009324,104.205623,35.926225,0.0,339.0,17735.8,1.0,1,612042023200066,"{""1"":177358,""3"":0,""37"":16,""48"":80,""49"":33,""224"":""AC8="",""225"":177358,""226"":0,""227"":282574488338432,""228"":0,""229"":1639,""230"":0,""231"":0}",0.0,1879347316192227330,31.029180144247984,0.0,0.2777777777777778
1764211337000,2025-11-27 10:42:17.000,104.214677,35.932233,104.20807682116092,35.92648225870004,104.205416,35.926692,0.0,0.0,20212.8,1.0,1,612042023200098,"{""1"":202128,""3"":0,""37"":0,""48"":80,""49"":19,""224"":""AC8="",""225"":202128,""226"":0,""227"":281474976710656,""228"":0,""229"":0,""230"":0,""231"":0}",0.0,1879353494011949057,0.0,0.0,-0.2777777777777778
1764211337000,2025-11-27 10:42:17.000,104.21499,35.931606,104.20838833445588,35.92585864891449,104.205723,35.92607,0.0,0.0,14783.7,1.0,1,612042023200085,"{""1"":147837,""3"":0,""37"":0,""48"":80,""49"":28,""224"":""AC8="",""225"":147837,""226"":0,""227"":281474976710656,""228"":0,""229"":0,""230"":0,""231"":0}",0.0,1879358279721201665,18.04173318299407,0.0,0.0
1764211337000,2025-11-27 10:42:17.000,104.214792,35.93202,104.20819164238392,35.926270038082826,104.205513,35.926483,0.0,0.0,17726.1,1.0,1,612042023200080,"{""1"":177261,""3"":0,""37"":0,""48"":80,""49"":34,""224"":""AC8="",""225"":177261,""226"":0,""227"":281474976710656,""228"":0,""229"":0,""230"":0,""231"":0}",0.0,1879364340897329154,25.76333390326966,0.0,0.2777777777777778
1764211338000,2025-11-27 10:42:18.000,104.21491,35.931756,104.20830945692995,35.9260078009324,104.205623,35.926224,0.0,339.0,17735.8,1.0,1,612042023200066,"{""1"":177358,""3"":0,""37"":16,""48"":80,""49"":33,""224"":""AC8="",""225"":177358,""226"":0,""227"":282574488338432,""228"":0,""229"":1639,""230"":0,""231"":0}",0.0,1879347316192227330,31.029180144247984,0.0,0.0
1764211338000,2025-11-27 10:42:18.000,104.214677,35.932233,104.20807682116092,35.92648225870004,104.205417,35.926692,0.0,0.0,20212.8,1.0,1,612042023200098,"{""1"":202128,""3"":0,""37"":0,""48"":80,""49"":20,""224"":""AC8="",""225"":202128,""226"":0,""227"":281474976710656,""228"":0,""229"":0,""230"":0,""231"":0}",0.0,1879353494011949057,0.0,0.0,0.0
1764211338000,2025-11-27 10:42:18.000,104.21499,35.931606,104.20838833445588,35.92585864891449,104.205723,35.92607,0.0,0.0,14783.7,1.0,1,612042023200085,"{""1"":147837,""3"":0,""37"":0,""48"":80,""49"":29,""224"":""AC8="",""225"":147837,""226"":0,""227"":281474976710656,""228"":0,""229"":0,""230"":0,""231"":0}",0.0,1879358279721201665,18.04173318299407,0.0,0.0
1764211338000,2025-11-27 10:42:18.000,104.214792,35.93202,104.20819164238392,35.926270038082826,104.205513,35.926483,0.0,0.0,17726.1,1.0,1,612042023200080,"{""1"":177261,""3"":0,""37"":0,""48"":80,""49"":34,""224"":""AC8="",""225"":177261,""226"":0,""227"":281474976710656,""228"":0,""229"":0,""230"":0,""231"":0}",0.0,1879364340897329154,25.76333390326966,0.0,0.0
1764211339000,2025-11-27 10:42:19.000,104.21491,35.931756,104.20830945692995,35.9260078009324,104.205623,35.926224,0.0,339.0,17735.8,1.0,1,612042023200066,"{""1"":177358,""3"":0,""37"":16,""48"":80,""49"":33,""224"":""AC8="",""225"":177358,""226"":0,""227"":282574488338432,""228"":0,""229"":1639,""230"":0,""231"":0}",0.0,1879347316192227330,31.029180144247984,0.0,-0.2777777777777778
1764211339000,2025-11-27 10:42:19.000,104.214676,35.932232,104.20807582256154,35.92648125991164,104.205416,35.926691,1.0,0.0,20212.8,1.0,1,612042023200098,"{""1"":202128,""3"":0,""37"":0,""48"":80,""49"":20,""224"":""AC8="",""225"":202128,""226"":0,""227"":281474976710656,""228"":0,""229"":0,""230"":0,""231"":0}",0.143,1879353494011949057,0.0,0.0,0.2777777777777778
1764211339000,2025-11-27 10:42:19.000,104.21499,35.931606,104.20838833445588,35.92585864891449,104.205723,35.92607,0.0,0.0,14783.7,1.0,1,612042023200085,"{""1"":147837,""3"":0,""37"":0,""48"":80,""49"":29,""224"":""AC8="",""225"":147837,""226"":0,""227"":281474976710656,""228"":0,""229"":0,""230"":0,""231"":0}",0.0,1879358279721201665,18.04173318299407,0.0,0.0
1764211339000,2025-11-27 10:42:19.000,104.214792,35.93202,104.20819164238392,35.926270038082826,104.205513,35.926483,0.0,0.0,17726.1,1.0,1,612042023200080,"{""1"":177261,""3"":0,""37"":0,""48"":80,""49"":35,""224"":""AC8="",""225"":177261,""226"":0,""227"":281474976710656,""228"":0,""229"":0,""230"":0,""231"":0}",0.0,1879364340897329154,25.698005412968236,0.0,-0.2777777777777778
1764211340000,2025-11-27 10:42:20.000,104.21491,35.931756,104.20830945692995,35.9260078009324,104.205623,35.926224,0.0,339.0,17735.8,1.0,1,612042023200066,"{""1"":177358,""3"":0,""37"":16,""48"":80,""49"":33,""224"":""AC8="",""225"":177358,""226"":0,""227"":282574488338432,""228"":0,""229"":1639,""230"":0,""231"":0}",0.0,1879347316192227330,31.029180144247984,0.0,0.0
1764211340000,2025-11-27 10:42:20.000,104.214676,35.932232,104.20807582256154,35.92648125991164,104.205416,35.926692,0.0,0.0,20212.8,1.0,1,612042023200098,"{""1"":202128,""3"":0,""37"":0,""48"":80,""49"":20,""224"":""AC8="",""225"":202128,""226"":0,""227"":281474976710656,""228"":0,""229"":0,""230"":0,""231"":0}",0.0,1879353494011949057,0.0,0.0,0.0
1764211340000,2025-11-27 10:42:20.000,104.21499,35.931606,104.20838833445588,35.92585864891449,104.205723,35.92607,0.0,0.0,14783.7,1.0,1,612042023200085,"{""1"":147837,""3"":0,""37"":0,""48"":80,""49"":29,""224"":""AC8="",""225"":147837,""226"":0,""227"":281474976710656,""228"":0,""229"":0,""230"":0,""231"":0}",0.0,1879358279721201665,18.04173318299407,0.0,0.0
1764211340000,2025-11-27 10:42:20.000,104.214792,35.93202,104.20819164238392,35.926270038082826,104.205513,35.926483,0.0,0.0,17726.1,1.0,1,612042023200080,"{""1"":177261,""3"":0,""37"":0,""48"":80,""49"":35,""224"":""AC8="",""225"":177261,""226"":0,""227"":281474976710656,""228"":0,""229"":0,""230"":0,""231"":0}",0.0,1879364340897329154,25.698005412968236,0.0,0.0
1764211341000,2025-11-27 10:42:21.000,104.21491,35.931756,104.20830945692995,35.9260078009324,104.205623,35.926224,0.0,339.0,17735.8,1.0,1,612042023200066,"{""1"":177358,""3"":0,""37"":16,""48"":80,""49"":33,""224"":""AC8="",""225"":177358,""226"":0,""227"":282574488338432,""228"":0,""229"":1639,""230"":0,""231"":0}",0.0,1879347316192227330,31.029180144247984,0.0,0.0
1764211341000,2025-11-27 10:42:21.000,104.214675,35.932233,104.20807482407174,35.92648226162132,104.205415,35.926692,1.0,0.0,20212.8,1.0,1,612042023200098,"{""1"":202128,""3"":0,""37"":0,""48"":80,""49"":20,""224"":""AC8="",""225"":202128,""226"":0,""227"":281474976710656,""228"":0,""229"":0,""230"":0,""231"":0}",0.143,1879353494011949057,0.0,0.0,0.2777777777777778
1764211341000,2025-11-27 10:42:21.000,104.21499,35.931606,104.20838833445588,35.92585864891449,104.205723,35.92607,0.0,0.0,14783.7,1.0,1,612042023200085,"{""1"":147837,""3"":0,""37"":0,""48"":80,""49"":29,""224"":""AC8="",""225"":147837,""226"":0,""227"":281474976710656,""228"":0,""229"":0,""230"":0,""231"":0}",0.0,1879358279721201665,18.04173318299407,0.0,-0.2777777777777778
1764211341000,2025-11-27 10:42:21.000,104.214792,35.93202,104.20819164238392,35.926270038082826,104.205512,35.926482,0.0,0.0,17726.1,1.0,1,612042023200080,"{""1"":177261,""3"":0,""37"":0,""48"":80,""49"":34,""224"":""AC8="",""225"":177261,""226"":0,""227"":281474976710656,""228"":0,""229"":0,""230"":0,""231"":0}",0.0,1879364340897329154,25.836318291951105,0.0,0.2777777777777778
1764211342000,2025-11-27 10:42:22.000,104.21491,35.931756,104.20830945692995,35.9260078009324,104.205623,35.926224,0.0,339.0,17735.8,1.0,1,612042023200066,"{""1"":177358,""3"":0,""37"":16,""48"":80,""49"":33,""224"":""AC8="",""225"":177358,""226"":0,""227"":282574488338432,""228"":0,""229"":1639,""230"":0,""231"":0}",0.0,1879347316192227330,31.029180144247984,0.0,0.2777777777777778
1764211342000,2025-11-27 10:42:22.000,104.214675,35.932233,104.20807482407174,35.92648226162132,104.205415,35.926692,1.0,0.0,20212.8,1.0,1,612042023200098,"{""1"":202128,""3"":0,""37"":0,""48"":80,""49"":20,""224"":""AC8="",""225"":202128,""226"":0,""227"":281474976710656,""228"":0,""229"":0,""230"":0,""231"":0}",0.0,1879353494011949057,0.0,0.0,-0.2777777777777778
1764211342000,2025-11-27 10:42:22.000,104.21499,35.931606,104.20838833445588,35.92585864891449,104.205723,35.92607,0.0,0.0,14783.7,1.0,1,612042023200085,"{""1"":147837,""3"":0,""37"":0,""48"":80,""49"":28,""224"":""AC8="",""225"":147837,""226"":0,""227"":281474976710656,""228"":0,""229"":0,""230"":0,""231"":0}",0.0,1879358279721201665,18.04173318299407,0.0,0.0
1764211342000,2025-11-27 10:42:22.000,104.214792,35.93202,104.20819164238392,35.926270038082826,104.205512,35.926482,0.0,0.0,17726.1,1.0,1,612042023200080,"{""1"":177261,""3"":0,""37"":0,""48"":80,""49"":34,""224"":""AC8="",""225"":177261,""226"":0,""227"":281474976710656,""228"":0,""229"":0,""230"":0,""231"":0}",0.0,1879364340897329154,25.836318291951105,0.0,-0.2777777777777778
1764211343000,2025-11-27 10:42:23.000,104.21491,35.931756,104.20830945692995,35.9260078009324,104.205623,35.926224,0.0,339.0,17735.8,1.0,1,612042023200066,"{""1"":177358,""3"":0,""37"":16,""48"":80,""49"":33,""224"":""AC8="",""225"":177358,""226"":0,""227"":282574488338432,""228"":0,""229"":1639,""230"":0,""231"":0}",0.0,1879347316192227330,31.029180144247984,0.0,0.0
1764211343000,2025-11-27 10:42:23.000,104.214675,35.932233,104.20807482407174,35.92648226162132,104.205415,35.926692,1.0,0.0,20212.8,1.0,1,612042023200098,"{""1"":202128,""3"":0,""37"":0,""48"":80,""49"":19,""224"":""AC8="",""225"":202128,""226"":0,""227"":281474976710656,""228"":0,""229"":0,""230"":0,""231"":0}",0.0,1879353494011949057,0.0,0.0,0.2777777777777778
1764211343000,2025-11-27 10:42:23.000,104.21499,35.931606,104.20838833445588,35.92585864891449,104.205723,35.92607,0.0,0.0,14783.7,1.0,1,612042023200085,"{""1"":147837,""3"":0,""37"":0,""48"":80,""49"":29,""224"":""AC8="",""225"":147837,""226"":0,""227"":281474976710656,""228"":0,""229"":0,""230"":0,""231"":0}",0.0,1879358279721201665,18.04173318299407,0.0,0.0
1764211343000,2025-11-27 10:42:23.000,104.214792,35.93202,104.20819164238392,35.926270038082826,104.205512,35.926482,0.0,0.0,17726.1,1.0,1,612042023200080,"{""1"":177261,""3"":0,""37"":0,""48"":80,""49"":34,""224"":""AC8="",""225"":177261,""226"":0,""227"":281474976710656,""228"":0,""229"":0,""230"":0,""231"":0}",0.0,1879364340897329154,25.836318291951105,0.0,0.0
1764211344000,2025-11-27 10:42:24.000,104.21491,35.931756,104.20830945692995,35.9260078009324,104.205623,35.926223,0.0,339.0,17735.8,1.0,1,612042023200066,"{""1"":177358,""3"":0,""37"":16,""48"":80,""49"":32,""224"":""AC8="",""225"":177358,""226"":0,""227"":282574488338432,""228"":0,""229"":1639,""230"":0,""231"":0}",0.0,1879347316192227330,31.029180144247984,0.0,-0.2777777777777778
1764211344000,2025-11-27 10:42:24.000,104.214675,35.932233,104.20807482407174,35.92648226162132,104.205416,35.926692,0.0,0.0,20212.8,1.0,1,612042023200098,"{""1"":202128,""3"":0,""37"":0,""48"":80,""49"":19,""224"":""AC8="",""225"":202128,""226"":0,""227"":281474976710656,""228"":0,""229"":0,""230"":0,""231"":0}",0.0,1879353494011949057,0.0,0.0,0.0
1764211344000,2025-11-27 10:42:24.000,104.21499,35.931606,104.20838833445588,35.92585864891449,104.205723,35.92607,0.0,0.0,14783.7,1.0,1,612042023200085,"{""1"":147837,""3"":0,""37"":0,""48"":80,""49"":29,""224"":""AC8="",""225"":147837,""226"":0,""227"":281474976710656,""228"":0,""229"":0,""230"":0,""231"":0}",0.0,1879358279721201665,18.04173318299407,0.0,0.2777777777777778
1764211344000,2025-11-27 10:42:24.000,104.214792,35.93202,104.20819164238392,35.926270038082826,104.205512,35.926482,0.0,0.0,17726.1,1.0,1,612042023200080,"{""1"":177261,""3"":0,""37"":0,""48"":80,""49"":34,""224"":""AC8="",""225"":177261,""226"":0,""227"":281474976710656,""228"":0,""229"":0,""230"":0,""231"":0}",0.0,1879364340897329154,25.836318291951105,0.0,-0.2777777777777778
1764211345000,2025-11-27 10:42:25.000,104.21491,35.931756,104.20830945692995,35.9260078009324,104.205623,35.926223,0.0,339.0,17735.8,1.0,1,612042023200066,"{""1"":177358,""3"":0,""37"":16,""48"":80,""49"":33,""224"":""AC8="",""225"":177358,""226"":0,""227"":282574488338432,""228"":0,""229"":1639,""230"":0,""231"":0}",0.0,1879347316192227330,31.029180144247984,0.0,0.0
1764211345000,2025-11-27 10:42:25.000,104.214675,35.932233,104.20807482407174,35.92648226162132,104.205415,35.926692,1.0,0.0,20212.8,1.0,1,612042023200098,"{""1"":202128,""3"":0,""37"":0,""48"":80,""49"":20,""224"":""AC8="",""225"":202128,""226"":0,""227"":281474976710656,""228"":0,""229"":0,""230"":0,""231"":0}",0.0,1879353494011949057,0.0,0.0,0.2777777777777778
1764211345000,2025-11-27 10:42:25.000,104.21499,35.931606,104.20838833445588,35.92585864891449,104.205723,35.92607,0.0,0.0,14783.7,1.0,1,612042023200085,"{""1"":147837,""3"":0,""37"":0,""48"":80,""49"":28,""224"":""AC8="",""225"":147837,""226"":0,""227"":281474976710656,""228"":0,""229"":0,""230"":0,""231"":0}",0.0,1879358279721201665,18.04173318299407,0.0,0.0
1764211345000,2025-11-27 10:42:25.000,104.214792,35.93202,104.20819164238392,35.926270038082826,104.205512,35.926482,0.0,0.0,17726.1,1.0,1,612042023200080,"{""1"":177261,""3"":0,""37"":0,""48"":80,""49"":34,""224"":""AC8="",""225"":177261,""226"":0,""227"":281474976710656,""228"":0,""229"":0,""230"":0,""231"":0}",0.0,1879364340897329154,25.836318291951105,0.0,0.0
1764211346000,2025-11-27 10:42:26.000,104.21491,35.931756,104.20830945692995,35.9260078009324,104.205622,35.926223,0.0,339.0,17735.8,1.0,1,612042023200066,"{""1"":177358,""3"":0,""37"":16,""48"":80,""49"":33,""224"":""AC8="",""225"":177358,""226"":0,""227"":282574488338432,""228"":0,""229"":1639,""230"":0,""231"":0}",0.0,1879347316192227330,31.029180144247984,0.0,-0.2777777777777778
1764211346000,2025-11-27 10:42:26.000,104.214675,35.932233,104.20807482407174,35.92648226162132,104.205415,35.926692,1.0,0.0,20212.8,1.0,1,612042023200098,"{""1"":202128,""3"":0,""37"":0,""48"":80,""49"":20,""224"":""AC8="",""225"":202128,""226"":0,""227"":281474976710656,""228"":0,""229"":0,""230"":0,""231"":0}",0.0,1879353494011949057,0.0,0.0,0.0
1764211346000,2025-11-27 10:42:26.000,104.21499,35.931606,104.20838833445588,35.92585864891449,104.205723,35.926071,0.0,0.0,14783.7,1.0,1,612042023200085,"{""1"":147837,""3"":0,""37"":0,""48"":80,""49"":29,""224"":""AC8="",""225"":147837,""226"":0,""227"":281474976710656,""228"":0,""229"":0,""230"":0,""231"":0}",0.0,1879358279721201665,18.04173318299407,0.0,0.2777777777777778
1764211346000,2025-11-27 10:42:26.000,104.214792,35.93202,104.20819164238392,35.926270038082826,104.205511,35.926482,0.0,0.0,17726.1,1.0,1,612042023200080,"{""1"":177261,""3"":0,""37"":0,""48"":80,""49"":34,""224"":""AC8="",""225"":177261,""226"":0,""227"":281474976710656,""228"":0,""229"":0,""230"":0,""231"":0}",0.0,1879364340897329154,25.836318291951105,0.0,0.0
1764211347000,2025-11-27 10:42:27.000,104.21491,35.931756,104.20830945692995,35.9260078009324,104.205622,35.926223,0.0,339.0,17735.8,1.0,1,612042023200066,"{""1"":177358,""3"":0,""37"":16,""48"":80,""49"":33,""224"":""AC8="",""225"":177358,""226"":0,""227"":282574488338432,""228"":0,""229"":1639,""230"":0,""231"":0}",0.0,1879347316192227330,31.029180144247984,0.0,0.0
1764211347000,2025-11-27 10:42:27.000,104.214673,35.932232,104.2080728269279,35.926481264293656,104.205413,35.926691,1.0,0.0,20212.8,1.0,1,612042023200098,"{""1"":202128,""3"":0,""37"":0,""48"":80,""49"":19,""224"":""AC8="",""225"":202128,""226"":0,""227"":281474976710656,""228"":0,""229"":0,""230"":0,""231"":0}",0.211,1879353494011949057,0.0,0.0,-0.2777777777777778
1764211347000,2025-11-27 10:42:27.000,104.21499,35.931606,104.20838833445588,35.92585864891449,104.205723,35.926071,0.0,0.0,14783.7,1.0,1,612042023200085,"{""1"":147837,""3"":0,""37"":0,""48"":80,""49"":29,""224"":""AC8="",""225"":147837,""226"":0,""227"":281474976710656,""228"":0,""229"":0,""230"":0,""231"":0}",0.0,1879358279721201665,18.04173318299407,0.0,0.0
1764211347000,2025-11-27 10:42:27.000,104.214792,35.93202,104.20819164238392,35.926270038082826,104.205511,35.926482,0.0,0.0,17726.1,1.0,1,612042023200080,"{""1"":177261,""3"":0,""37"":0,""48"":80,""49"":34,""224"":""AC8="",""225"":177261,""226"":0,""227"":281474976710656,""228"":0,""229"":0,""230"":0,""231"":0}",0.0,1879364340897329154,25.80908923841893,0.0,0.2777777777777778
1764211348000,2025-11-27 10:42:28.000,104.21491,35.931756,104.20830945692995,35.9260078009324,104.205622,35.926223,0.0,339.0,17735.8,1.0,1,612042023200066,"{""1"":177358,""3"":0,""37"":16,""48"":80,""49"":33,""224"":""AC8="",""225"":177358,""226"":0,""227"":282574488338432,""228"":0,""229"":1639,""230"":0,""231"":0}",0.0,1879347316192227330,31.029180144247984,0.0,0.0
1764211348000,2025-11-27 10:42:28.000,104.214673,35.932232,104.2080728269279,35.926481264293656,104.205414,35.926692,0.0,0.0,20212.8,1.0,1,612042023200098,"{""1"":202128,""3"":0,""37"":0,""48"":80,""49"":19,""224"":""AC8="",""225"":202128,""226"":0,""227"":281474976710656,""228"":0,""229"":0,""230"":0,""231"":0}",0.0,1879353494011949057,0.0,0.0,-0.2777777777777778
1764211348000,2025-11-27 10:42:28.000,104.21499,35.931606,104.20838833445588,35.92585864891449,104.205723,35.926071,0.0,0.0,14783.7,1.0,1,612042023200085,"{""1"":147837,""3"":0,""37"":0,""48"":80,""49"":29,""224"":""AC8="",""225"":147837,""226"":0,""227"":281474976710656,""228"":0,""229"":0,""230"":0,""231"":0}",0.0,1879358279721201665,18.04173318299407,0.0,0.2777777777777778
1764211348000,2025-11-27 10:42:28.000,104.214792,35.93202,104.20819164238392,35.926270038082826,104.205511,35.926482,0.0,0.0,17726.1,1.0,1,612042023200080,"{""1"":177261,""3"":0,""37"":0,""48"":80,""49"":34,""224"":""AC8="",""225"":177261,""226"":0,""227"":281474976710656,""228"":0,""229"":0,""230"":0,""231"":0}",0.0,1879364340897329154,25.80908923841893,0.0,0.0
1764211349000,2025-11-27 10:42:29.000,104.21491,35.931756,104.20830945692995,35.9260078009324,104.205622,35.926223,0.0,339.0,17735.8,1.0,1,612042023200066,"{""1"":177358,""3"":0,""37"":16,""48"":80,""49"":33,""224"":""AC8="",""225"":177358,""226"":0,""227"":282574488338432,""228"":0,""229"":1639,""230"":0,""231"":0}",0.0,1879347316192227330,31.029180144247984,0.0,-0.2777777777777778
1764211349000,2025-11-27 10:42:29.000,104.214675,35.932234,104.20807482412653,35.926483261870345,104.205415,35.926693,1.0,0.0,20212.8,1.0,1,612042023200098,"{""1"":202128,""3"":0,""37"":0,""48"":80,""49"":20,""224"":""AC8="",""225"":202128,""226"":0,""227"":281474976710656,""228"":0,""229"":0,""230"":0,""231"":0}",0.286,1879353494011949057,0.0,0.0,0.0
1764211349000,2025-11-27 10:42:29.000,104.21499,35.931606,104.20838833445588,35.92585864891449,104.205723,35.926071,0.0,0.0,14783.7,1.0,1,612042023200085,"{""1"":147837,""3"":0,""37"":0,""48"":80,""49"":28,""224"":""AC8="",""225"":147837,""226"":0,""227"":281474976710656,""228"":0,""229"":0,""230"":0,""231"":0}",0.0,1879358279721201665,18.04173318299407,0.0,0.2777777777777778
1764211349000,2025-11-27 10:42:29.000,104.214792,35.93202,104.20819164238392,35.926270038082826,104.205511,35.926482,0.0,0.0,17726.1,1.0,1,612042023200080,"{""1"":177261,""3"":0,""37"":0,""48"":80,""49"":33,""224"":""AC8="",""225"":177261,""226"":0,""227"":281474976710656,""228"":0,""229"":0,""230"":0,""231"":0}",0.0,1879364340897329154,25.937943462181902,0.0,0.0
1764211350000,2025-11-27 10:42:30.000,104.21491,35.931756,104.20830945692995,35.9260078009324,104.205622,35.926222,0.0,339.0,17735.8,1.0,1,612042023200066,"{""1"":177358,""3"":0,""37"":16,""48"":80,""49"":32,""224"":""AC8="",""225"":177358,""226"":0,""227"":282574488338432,""228"":0,""229"":1639,""230"":0,""231"":0}",0.0,1879347316192227330,31.029180144247984,0.0,-0.2777777777777778
1764211350000,2025-11-27 10:42:30.000,104.214674,35.932233,104.2080738255272,35.926482263081986,104.205414,35.926692,1.0,0.0,20212.8,1.0,1,612042023200098,"{""1"":202128,""3"":0,""37"":0,""48"":80,""49"":20,""224"":""AC8="",""225"":202128,""226"":0,""227"":281474976710656,""228"":0,""229"":0,""230"":0,""231"":0}",0.143,1879353494011949057,0.0,0.0,0.2777777777777778
1764211350000,2025-11-27 10:42:30.000,104.21499,35.931606,104.20838833445588,35.92585864891449,104.205723,35.926071,0.0,0.0,14783.7,1.0,1,612042023200085,"{""1"":147837,""3"":0,""37"":0,""48"":80,""49"":28,""224"":""AC8="",""225"":147837,""226"":0,""227"":281474976710656,""228"":0,""229"":0,""230"":0,""231"":0}",0.0,1879358279721201665,18.04173318299407,0.0,0.0
1764211350000,2025-11-27 10:42:30.000,104.214792,35.93202,104.20819164238392,35.926270038082826,104.205512,35.926482,0.0,0.0,17726.1,1.0,1,612042023200080,"{""1"":177261,""3"":0,""37"":0,""48"":80,""49"":33,""224"":""AC8="",""225"":177261,""226"":0,""227"":281474976710656,""228"":0,""229"":0,""230"":0,""231"":0}",0.0,1879364340897329154,25.873201962695365,0.0,0.0
1764211351000,2025-11-27 10:42:31.000,104.21491,35.931756,104.20830945692995,35.9260078009324,104.205622,35.926222,0.0,339.0,17735.8,1.0,1,612042023200066,"{""1"":177358,""3"":0,""37"":16,""48"":80,""49"":33,""224"":""AC8="",""225"":177358,""226"":0,""227"":282574488338432,""228"":0,""229"":1639,""230"":0,""231"":0}",0.0,1879347316192227330,31.029180144247984,0.0,0.0
1764211351000,2025-11-27 10:42:31.000,104.214675,35.932233,104.20807482407174,35.92648226162132,104.205415,35.926692,1.0,0.0,20212.8,1.0,1,612042023200098,"{""1"":202128,""3"":0,""37"":0,""48"":80,""49"":20,""224"":""AC8="",""225"":202128,""226"":0,""227"":281474976710656,""228"":0,""229"":0,""230"":0,""231"":0}",0.09,1879353494011949057,0.0,0.0,0.0
1764211351000,2025-11-27 10:42:31.000,104.21499,35.931606,104.20838833445588,35.92585864891449,104.205723,35.926071,0.0,0.0,14783.7,1.0,1,612042023200085,"{""1"":147837,""3"":0,""37"":0,""48"":80,""49"":27,""224"":""AC8="",""225"":147837,""226"":0,""227"":281474976710656,""228"":0,""229"":0,""230"":0,""231"":0}",0.0,1879358279721201665,18.04173318299407,0.0,-0.2777777777777778
1764211351000,2025-11-27 10:42:31.000,104.214792,35.93202,104.20819164238392,35.926270038082826,104.205511,35.926482,0.0,0.0,17726.1,1.0,1,612042023200080,"{""1"":177261,""3"":0,""37"":0,""48"":80,""49"":34,""224"":""AC8="",""225"":177261,""226"":0,""227"":281474976710656,""228"":0,""229"":0,""230"":0,""231"":0}",0.0,1879364340897329154,25.836318291951105,0.0,0.2777777777777778
1764211352000,2025-11-27 10:42:32.000,104.21491,35.931756,104.20830945692995,35.9260078009324,104.205622,35.926222,0.0,339.0,17735.8,1.0,1,612042023200066,"{""1"":177358,""3"":0,""37"":16,""48"":80,""49"":33,""224"":""AC8="",""225"":177358,""226"":0,""227"":282574488338432,""228"":0,""229"":1639,""230"":0,""231"":0}",0.0,1879347316192227330,31.029180144247984,0.0,0.0
1764211352000,2025-11-27 10:42:32.000,104.214674,35.932233,104.2080738255272,35.926482263081986,104.205414,35.926692,1.0,0.0,20212.8,1.0,1,612042023200098,"{""1"":202128,""3"":0,""37"":0,""48"":80,""49"":20,""224"":""AC8="",""225"":202128,""226"":0,""227"":281474976710656,""228"":0,""229"":0,""230"":0,""231"":0}",0.09,1879353494011949057,0.0,0.0,0.0
1764211352000,2025-11-27 10:42:32.000,104.21499,35.931606,104.20838833445588,35.92585864891449,104.205723,35.926071,0.0,0.0,14783.7,1.0,1,612042023200085,"{""1"":147837,""3"":0,""37"":0,""48"":80,""49"":28,""224"":""AC8="",""225"":147837,""226"":0,""227"":281474976710656,""228"":0,""229"":0,""230"":0,""231"":0}",0.0,1879358279721201665,18.04173318299407,0.0,0.0
1764211352000,2025-11-27 10:42:32.000,104.214792,35.93202,104.20819164238392,35.926270038082826,104.205511,35.926482,0.0,0.0,17726.1,1.0,1,612042023200080,"{""1"":177261,""3"":0,""37"":0,""48"":80,""49"":34,""224"":""AC8="",""225"":177261,""226"":0,""227"":281474976710656,""228"":0,""229"":0,""230"":0,""231"":0}",0.0,1879364340897329154,25.873201962695365,0.0,0.0
1764211353000,2025-11-27 10:42:33.000,104.21491,35.931756,104.20830945692995,35.9260078009324,104.205621,35.926222,0.0,339.0,17735.8,1.0,1,612042023200066,"{""1"":177358,""3"":0,""37"":16,""48"":80,""49"":33,""224"":""AC8="",""225"":177358,""226"":0,""227"":282574488338432,""228"":0,""229"":1639,""230"":0,""231"":0}",0.0,1879347316192227330,31.029180144247984,0.0,-0.2777777777777778
1764211353000,2025-11-27 10:42:33.000,104.214676,35.932233,104.20807582261632,35.92648226016067,104.205416,35.926692,1.0,0.0,20212.8,1.0,1,612042023200098,"{""1"":202128,""3"":0,""37"":0,""48"":80,""49"":20,""224"":""AC8="",""225"":202128,""226"":0,""227"":281474976710656,""228"":0,""229"":0,""230"":0,""231"":0}",0.18,1879353494011949057,0.0,0.0,0.0
1764211353000,2025-11-27 10:42:33.000,104.21499,35.931606,104.20838833445588,35.92585864891449,104.205723,35.926071,0.0,0.0,14783.7,1.0,1,612042023200085,"{""1"":147837,""3"":0,""37"":0,""48"":80,""49"":28,""224"":""AC8="",""225"":147837,""226"":0,""227"":281474976710656,""228"":0,""229"":0,""230"":0,""231"":0}",0.0,1879358279721201665,18.04173318299407,0.0,0.0
1764211353000,2025-11-27 10:42:33.000,104.214792,35.93202,104.20819164238392,35.926270038082826,104.205511,35.926482,0.0,0.0,17726.1,1.0,1,612042023200080,"{""1"":177261,""3"":0,""37"":0,""48"":80,""49"":34,""224"":""AC8="",""225"":177261,""226"":0,""227"":281474976710656,""228"":0,""229"":0,""230"":0,""231"":0}",0.0,1879364340897329154,25.79969523482868,0.0,0.0
1764211354000,2025-11-27 10:42:34.000,104.21491,35.931756,104.20830945692995,35.9260078009324,104.205621,35.926221,0.0,339.0,17735.8,1.0,1,612042023200066,"{""1"":177358,""3"":0,""37"":16,""48"":80,""49"":33,""224"":""AC8="",""225"":177358,""226"":0,""227"":282574488338432,""228"":0,""229"":1639,""230"":0,""231"":0}",0.0,1879347316192227330,31.029180144247984,0.0,0.0
1764211354000,2025-11-27 10:42:34.000,104.214676,35.932233,104.20807582261632,35.92648226016067,104.205416,35.926692,0.0,0.0,20212.8,1.0,1,612042023200098,"{""1"":202128,""3"":0,""37"":0,""48"":80,""49"":20,""224"":""AC8="",""225"":202128,""226"":0,""227"":281474976710656,""228"":0,""229"":0,""230"":0,""231"":0}",0.0,1879353494011949057,0.0,0.0,0.0
1764211354000,2025-11-27 10:42:34.000,104.21499,35.931606,104.20838833445588,35.92585864891449,104.205723,35.926071,0.0,0.0,14783.7,1.0,1,612042023200085,"{""1"":147837,""3"":0,""37"":0,""48"":80,""49"":28,""224"":""AC8="",""225"":147837,""226"":0,""227"":281474976710656,""228"":0,""229"":0,""230"":0,""231"":0}",0.0,1879358279721201665,18.04173318299407,0.0,0.2777777777777778
1764211354000,2025-11-27 10:42:34.000,104.214792,35.93202,104.20819164238392,35.926270038082826,104.205511,35.926482,0.0,0.0,17726.1,1.0,1,612042023200080,"{""1"":177261,""3"":0,""37"":0,""48"":80,""49"":34,""224"":""AC8="",""225"":177261,""226"":0,""227"":281474976710656,""228"":0,""229"":0,""230"":0,""231"":0}",0.0,1879364340897329154,25.79969523482868,0.0,0.0
1764211355000,2025-11-27 10:42:35.000,104.21491,35.931756,104.20830945692995,35.9260078009324,104.205621,35.926221,0.0,339.0,17735.8,1.0,1,612042023200066,"{""1"":177358,""3"":0,""37"":16,""48"":80,""49"":33,""224"":""AC8="",""225"":177358,""226"":0,""227"":282574488338432,""228"":0,""229"":1639,""230"":0,""231"":0}",0.0,1879347316192227330,31.029180144247984,0.0,0.0
1764211355000,2025-11-27 10:42:35.000,104.214674,35.932233,104.2080738255272,35.926482263081986,104.205414,35.926692,1.0,0.0,20212.8,1.0,1,612042023200098,"{""1"":202128,""3"":0,""37"":0,""48"":80,""49"":20,""224"":""AC8="",""225"":202128,""226"":0,""227"":281474976710656,""228"":0,""229"":0,""230"":0,""231"":0}",0.18,1879353494011949057,0.0,0.0,0.0
1764211355000,2025-11-27 10:42:35.000,104.21499,35.931606,104.20838833445588,35.92585864891449,104.205723,35.926071,0.0,0.0,14783.7,1.0,1,612042023200085,"{""1"":147837,""3"":0,""37"":0,""48"":80,""49"":28,""224"":""AC8="",""225"":147837,""226"":0,""227"":281474976710656,""228"":0,""229"":0,""230"":0,""231"":0}",0.0,1879358279721201665,18.04173318299407,0.0,0.0
1764211355000,2025-11-27 10:42:35.000,104.214792,35.93202,104.20819164238392,35.926270038082826,104.205511,35.926482,0.0,0.0,17726.1,1.0,1,612042023200080,"{""1"":177261,""3"":0,""37"":0,""48"":80,""49"":34,""224"":""AC8="",""225"":177261,""226"":0,""227"":281474976710656,""228"":0,""229"":0,""230"":0,""231"":0}",0.0,1879364340897329154,25.873201962695365,0.0,-0.2777777777777778
1764211356000,2025-11-27 10:42:36.000,104.21491,35.931756,104.20830945692995,35.9260078009324,104.205621,35.926221,0.0,339.0,17735.8,1.0,1,612042023200066,"{""1"":177358,""3"":0,""37"":16,""48"":80,""49"":33,""224"":""AC8="",""225"":177358,""226"":0,""227"":282574488338432,""228"":0,""229"":1639,""230"":0,""231"":0}",0.0,1879347316192227330,31.029180144247984,0.0,0.2777777777777778
1764211356000,2025-11-27 10:42:36.000,104.214674,35.932233,104.2080738255272,35.926482263081986,104.205416,35.926691,0.0,0.0,20212.8,1.0,1,612042023200098,"{""1"":202128,""3"":0,""37"":0,""48"":80,""49"":20,""224"":""AC8="",""225"":202128,""226"":0,""227"":281474976710656,""228"":0,""229"":0,""230"":0,""231"":0}",0.0,1879353494011949057,0.0,0.0,-0.2777777777777778
1764211356000,2025-11-27 10:42:36.000,104.21499,35.931606,104.20838833445588,35.92585864891449,104.205723,35.926071,0.0,0.0,14783.7,1.0,1,612042023200085,"{""1"":147837,""3"":0,""37"":0,""48"":80,""49"":30,""224"":""AC8="",""225"":147837,""226"":0,""227"":281474976710656,""228"":0,""229"":0,""230"":0,""231"":0}",0.0,1879358279721201665,18.04173318299407,0.0,0.0
1764211356000,2025-11-27 10:42:36.000,104.214792,35.93202,104.20819164238392,35.926270038082826,104.205511,35.926482,0.0,0.0,17726.1,1.0,1,612042023200080,"{""1"":177261,""3"":0,""37"":0,""48"":80,""49"":34,""224"":""AC8="",""225"":177261,""226"":0,""227"":281474976710656,""228"":0,""229"":0,""230"":0,""231"":0}",0.0,1879364340897329154,25.873201962695365,0.0,0.2777777777777778
1764211357000,2025-11-27 10:42:37.000,104.21491,35.931756,104.20830945692995,35.9260078009324,104.205621,35.926221,0.0,339.0,17735.8,1.0,1,612042023200066,"{""1"":177358,""3"":0,""37"":16,""48"":80,""49"":33,""224"":""AC8="",""225"":177358,""226"":0,""227"":282574488338432,""228"":0,""229"":1639,""230"":0,""231"":0}",0.0,1879347316192227330,31.029180144247984,0.0,0.0
1764211357000,2025-11-27 10:42:37.000,104.214676,35.932233,104.20807582261632,35.92648226016067,104.205416,35.926692,1.0,0.0,20212.8,1.0,1,612042023200098,"{""1"":202128,""3"":0,""37"":0,""48"":80,""49"":20,""224"":""AC8="",""225"":202128,""226"":0,""227"":281474976710656,""228"":0,""229"":0,""230"":0,""231"":0}",0.18,1879353494011949057,0.0,0.0,-0.2777777777777778
1764211357000,2025-11-27 10:42:37.000,104.21499,35.931606,104.20838833445588,35.92585864891449,104.205723,35.926071,0.0,0.0,14783.7,1.0,1,612042023200085,"{""1"":147837,""3"":0,""37"":0,""48"":80,""49"":29,""224"":""AC8="",""225"":147837,""226"":0,""227"":281474976710656,""228"":0,""229"":0,""230"":0,""231"":0}",0.0,1879358279721201665,18.04173318299407,0.0,0.0
1764211357000,2025-11-27 10:42:37.000,104.214792,35.93202,104.20819164238392,35.926270038082826,104.205511,35.926482,0.0,0.0,17726.1,1.0,1,612042023200080,"{""1"":177261,""3"":0,""37"":0,""48"":80,""49"":34,""224"":""AC8="",""225"":177261,""226"":0,""227"":281474976710656,""228"":0,""229"":0,""230"":0,""231"":0}",0.0,1879364340897329154,25.79969523482868,0.0,0.2777777777777778
1764211358000,2025-11-27 10:42:38.000,104.21491,35.931756,104.20830945692995,35.9260078009324,104.205621,35.92622,0.0,339.0,17735.8,1.0,1,612042023200066,"{""1"":177358,""3"":0,""37"":16,""48"":80,""49"":33,""224"":""AC8="",""225"":177358,""226"":0,""227"":282574488338432,""228"":0,""229"":1639,""230"":0,""231"":0}",0.0,1879347316192227330,31.029180144247984,0.0,0.0
1764211358000,2025-11-27 10:42:38.000,104.214676,35.932233,104.20807582261632,35.92648226016067,104.205414,35.926692,0.0,0.0,20212.8,1.0,1,612042023200098,"{""1"":202128,""3"":0,""37"":0,""48"":80,""49"":20,""224"":""AC8="",""225"":202128,""226"":0,""227"":281474976710656,""228"":0,""229"":0,""230"":0,""231"":0}",0.0,1879353494011949057,0.0,0.0,0.0
1764211358000,2025-11-27 10:42:38.000,104.21499,35.931606,104.20838833445588,35.92585864891449,104.205723,35.926071,0.0,0.0,14783.7,1.0,1,612042023200085,"{""1"":147837,""3"":0,""37"":0,""48"":80,""49"":29,""224"":""AC8="",""225"":147837,""226"":0,""227"":281474976710656,""228"":0,""229"":0,""230"":0,""231"":0}",0.0,1879358279721201665,18.04173318299407,0.0,-0.2777777777777778
1764211358000,2025-11-27 10:42:38.000,104.214792,35.93202,104.20819164238392,35.926270038082826,104.205511,35.926482,0.0,0.0,17726.1,1.0,1,612042023200080,"{""1"":177261,""3"":0,""37"":0,""48"":80,""49"":34,""224"":""AC8="",""225"":177261,""226"":0,""227"":281474976710656,""228"":0,""229"":0,""230"":0,""231"":0}",0.0,1879364340897329154,25.79969523482868,0.0,0.2777777777777778
1764211359000,2025-11-27 10:42:39.000,104.21491,35.931756,104.20830945692995,35.9260078009324,104.205621,35.92622,0.0,339.0,17735.8,1.0,1,612042023200066,"{""1"":177358,""3"":0,""37"":16,""48"":80,""49"":33,""224"":""AC8="",""225"":177358,""226"":0,""227"":282574488338432,""228"":0,""229"":1639,""230"":0,""231"":0}",0.0,1879347316192227330,31.029180144247984,0.0,-0.2777777777777778
1764211359000,2025-11-27 10:42:39.000,104.214676,35.932233,104.20807582261632,35.92648226016067,104.205415,35.926692,0.0,0.0,20212.8,1.0,1,612042023200098,"{""1"":202128,""3"":0,""37"":0,""48"":80,""49"":20,""224"":""AC8="",""225"":202128,""226"":0,""227"":281474976710656,""228"":0,""229"":0,""230"":0,""231"":0}",0.0,1879353494011949057,0.0,0.0,0.2777777777777778
1764211359000,2025-11-27 10:42:39.000,104.21499,35.931606,104.20838833445588,35.92585864891449,104.205723,35.926072,0.0,0.0,14783.7,1.0,1,612042023200085,"{""1"":147837,""3"":0,""37"":0,""48"":80,""49"":29,""224"":""AC8="",""225"":147837,""226"":0,""227"":281474976710656,""228"":0,""229"":0,""230"":0,""231"":0}",0.0,1879358279721201665,18.04173318299407,0.0,0.0
1764211359000,2025-11-27 10:42:39.000,104.214792,35.93202,104.20819164238392,35.926270038082826,104.205511,35.926482,0.0,0.0,17726.1,1.0,1,612042023200080,"{""1"":177261,""3"":0,""37"":0,""48"":80,""49"":34,""224"":""AC8="",""225"":177261,""226"":0,""227"":281474976710656,""228"":0,""229"":0,""230"":0,""231"":0}",0.0,1879364340897329154,25.79969523482868,0.0,0.0
1764211360000,2025-11-27 10:42:40.000,104.21491,35.931756,104.20830945692995,35.9260078009324,104.205621,35.92622,0.0,339.0,17735.8,1.0,1,612042023200066,"{""1"":177358,""3"":0,""37"":16,""48"":80,""49"":33,""224"":""AC8="",""225"":177358,""226"":0,""227"":282574488338432,""228"":0,""229"":1639,""230"":0,""231"":0}",0.0,1879347316192227330,31.029180144247984,0.0,-0.2777777777777778
1764211360000,2025-11-27 10:42:40.000,104.214675,35.932233,104.20807482407174,35.92648226162132,104.205415,35.926692,1.0,0.0,20212.8,1.0,1,612042023200098,"{""1"":202128,""3"":0,""37"":0,""48"":80,""49"":20,""224"":""AC8="",""225"":202128,""226"":0,""227"":281474976710656,""228"":0,""229"":0,""230"":0,""231"":0}",0.09,1879353494011949057,0.0,0.0,0.0
1764211360000,2025-11-27 10:42:40.000,104.21499,35.931606,104.20838833445588,35.92585864891449,104.205723,35.926072,0.0,0.0,14783.7,1.0,1,612042023200085,"{""1"":147837,""3"":0,""37"":0,""48"":80,""49"":28,""224"":""AC8="",""225"":147837,""226"":0,""227"":281474976710656,""228"":0,""229"":0,""230"":0,""231"":0}",0.0,1879358279721201665,18.04173318299407,0.0,0.0
1764211360000,2025-11-27 10:42:40.000,104.214792,35.93202,104.20819164238392,35.926270038082826,104.205511,35.926482,0.0,0.0,17726.1,1.0,1,612042023200080,"{""1"":177261,""3"":0,""37"":0,""48"":80,""49"":34,""224"":""AC8="",""225"":177261,""226"":0,""227"":281474976710656,""228"":0,""229"":0,""230"":0,""231"":0}",0.0,1879364340897329154,25.836318291951105,0.0,0.0
1764211361000,2025-11-27 10:42:41.000,104.21491,35.931756,104.20830945692995,35.9260078009324,104.20562,35.92622,0.0,339.0,17735.8,1.0,1,612042023200066,"{""1"":177358,""3"":0,""37"":16,""48"":80,""49"":33,""224"":""AC8="",""225"":177358,""226"":0,""227"":282574488338432,""228"":0,""229"":1639,""230"":0,""231"":0}",0.0,1879347316192227330,31.029180144247984,0.0,0.0
1764211361000,2025-11-27 10:42:41.000,104.214675,35.932232,104.20807482401698,35.92648126137229,104.205415,35.926691,1.0,0.0,20212.8,1.0,1,612042023200098,"{""1"":202128,""3"":0,""37"":0,""48"":80,""49"":20,""224"":""AC8="",""225"":202128,""226"":0,""227"":281474976710656,""228"":0,""229"":0,""230"":0,""231"":0}",0.111,1879353494011949057,0.0,0.0,0.0
1764211361000,2025-11-27 10:42:41.000,104.21499,35.931606,104.20838833445588,35.92585864891449,104.205723,35.926072,0.0,0.0,14783.7,1.0,1,612042023200085,"{""1"":147837,""3"":0,""37"":0,""48"":80,""49"":28,""224"":""AC8="",""225"":147837,""226"":0,""227"":281474976710656,""228"":0,""229"":0,""230"":0,""231"":0}",0.0,1879358279721201665,18.04173318299407,0.0,0.2777777777777778
1764211361000,2025-11-27 10:42:41.000,104.214792,35.93202,104.20819164238392,35.926270038082826,104.205511,35.926482,0.0,0.0,17726.1,1.0,1,612042023200080,"{""1"":177261,""3"":0,""37"":0,""48"":80,""49"":34,""224"":""AC8="",""225"":177261,""226"":0,""227"":281474976710656,""228"":0,""229"":0,""230"":0,""231"":0}",0.0,1879364340897329154,25.73477250012174,0.0,-0.2777777777777778
1764211362000,2025-11-27 10:42:42.000,104.21491,35.931756,104.20830945692995,35.9260078009324,104.20562,35.92622,0.0,339.0,17735.8,1.0,1,612042023200066,"{""1"":177358,""3"":0,""37"":16,""48"":80,""49"":33,""224"":""AC8="",""225"":177358,""226"":0,""227"":282574488338432,""228"":0,""229"":1639,""230"":0,""231"":0}",0.0,1879347316192227330,31.029180144247984,0.0,0.0
1764211362000,2025-11-27 10:42:42.000,104.214675,35.932232,104.20807482401698,35.92648126137229,104.205415,35.926691,1.0,0.0,20212.8,1.0,1,612042023200098,"{""1"":202128,""3"":0,""37"":0,""48"":80,""49"":20,""224"":""AC8="",""225"":202128,""226"":0,""227"":281474976710656,""228"":0,""229"":0,""230"":0,""231"":0}",0.0,1879353494011949057,0.0,0.0,0.0
1764211362000,2025-11-27 10:42:42.000,104.21499,35.931606,104.20838833445588,35.92585864891449,104.205723,35.926072,0.0,0.0,14783.7,1.0,1,612042023200085,"{""1"":147837,""3"":0,""37"":0,""48"":80,""49"":28,""224"":""AC8="",""225"":147837,""226"":0,""227"":281474976710656,""228"":0,""229"":0,""230"":0,""231"":0}",0.0,1879358279721201665,18.04173318299407,0.0,0.2777777777777778
1764211362000,2025-11-27 10:42:42.000,104.214792,35.93202,104.20819164238392,35.926270038082826,104.205512,35.926482,0.0,0.0,17726.1,1.0,1,612042023200080,"{""1"":177261,""3"":0,""37"":0,""48"":80,""49"":34,""224"":""AC8="",""225"":177261,""226"":0,""227"":281474976710656,""228"":0,""229"":0,""230"":0,""231"":0}",0.0,1879364340897329154,25.73477250012174,0.0,-0.2777777777777778
1764211363000,2025-11-27 10:42:43.000,104.21491,35.931756,104.20830945692995,35.9260078009324,104.20562,35.926219,0.0,339.0,17735.8,1.0,1,612042023200066,"{""1"":177358,""3"":0,""37"":16,""48"":80,""49"":33,""224"":""AC8="",""225"":177358,""226"":0,""227"":282574488338432,""228"":0,""229"":1639,""230"":0,""231"":0}",0.0,1879347316192227330,31.029180144247984,0.0,0.0
1764211363000,2025-11-27 10:42:43.000,104.214675,35.932233,104.20807482407174,35.92648226162132,104.205415,35.926692,1.0,0.0,20212.8,1.0,1,612042023200098,"{""1"":202128,""3"":0,""37"":0,""48"":80,""49"":20,""224"":""AC8="",""225"":202128,""226"":0,""227"":281474976710656,""228"":0,""229"":0,""230"":0,""231"":0}",0.111,1879353494011949057,0.0,0.0,0.2777777777777778
1764211363000,2025-11-27 10:42:43.000,104.21499,35.931606,104.20838833445588,35.92585864891449,104.205724,35.926072,0.0,0.0,14783.7,1.0,1,612042023200085,"{""1"":147837,""3"":0,""37"":0,""48"":80,""49"":28,""224"":""AC8="",""225"":147837,""226"":0,""227"":281474976710656,""228"":0,""229"":0,""230"":0,""231"":0}",0.0,1879358279721201665,18.04173318299407,0.0,0.0
1764211363000,2025-11-27 10:42:43.000,104.214792,35.93202,104.20819164238392,35.926270038082826,104.205512,35.926482,0.0,0.0,17726.1,1.0,1,612042023200080,"{""1"":177261,""3"":0,""37"":0,""48"":80,""49"":34,""224"":""AC8="",""225"":177261,""226"":0,""227"":281474976710656,""228"":0,""229"":0,""230"":0,""231"":0}",0.0,1879364340897329154,25.836318291951105,0.0,-0.2777777777777778
1764211364000,2025-11-27 10:42:44.000,104.21491,35.931756,104.20830945692995,35.9260078009324,104.20562,35.926219,0.0,339.0,17735.8,1.0,1,612042023200066,"{""1"":177358,""3"":0,""37"":16,""48"":80,""49"":33,""224"":""AC8="",""225"":177358,""226"":0,""227"":282574488338432,""228"":0,""229"":1639,""230"":0,""231"":0}",0.0,1879347316192227330,31.029180144247984,0.0,0.2777777777777778
1764211364000,2025-11-27 10:42:44.000,104.214676,35.932234,104.20807582267108,35.9264832604097,104.205416,35.926693,1.0,0.0,20212.8,1.0,1,612042023200098,"{""1"":202128,""3"":0,""37"":0,""48"":80,""49"":19,""224"":""AC8="",""225"":202128,""226"":0,""227"":281474976710656,""228"":0,""229"":0,""230"":0,""231"":0}",0.143,1879353494011949057,0.0,0.0,0.0
1764211364000,2025-11-27 10:42:44.000,104.21499,35.931606,104.20838833445588,35.92585864891449,104.205724,35.926072,0.0,0.0,14783.7,1.0,1,612042023200085,"{""1"":147837,""3"":0,""37"":0,""48"":80,""49"":28,""224"":""AC8="",""225"":147837,""226"":0,""227"":281474976710656,""228"":0,""229"":0,""230"":0,""231"":0}",0.0,1879358279721201665,18.04173318299407,0.0,-0.2777777777777778
1764211364000,2025-11-27 10:42:44.000,104.214792,35.93202,104.20819164238392,35.926270038082826,104.205512,35.926482,0.0,0.0,17726.1,1.0,1,612042023200080,"{""1"":177261,""3"":0,""37"":0,""48"":80,""49"":34,""224"":""AC8="",""225"":177261,""226"":0,""227"":281474976710656,""228"":0,""229"":0,""230"":0,""231"":0}",0.0,1879364340897329154,25.901463418304903,0.0,0.2777777777777778
1764211365000,2025-11-27 10:42:45.000,104.21491,35.931756,104.20830945692995,35.9260078009324,104.20562,35.926219,0.0,339.0,17735.8,1.0,1,612042023200066,"{""1"":177358,""3"":0,""37"":16,""48"":80,""49"":33,""224"":""AC8="",""225"":177358,""226"":0,""227"":282574488338432,""228"":0,""229"":1639,""230"":0,""231"":0}",0.0,1879347316192227330,31.029180144247984,0.0,0.0
1764211365000,2025-11-27 10:42:45.000,104.214676,35.932234,104.20807582267108,35.9264832604097,104.205416,35.926692,0.0,0.0,20212.8,1.0,1,612042023200098,"{""1"":202128,""3"":0,""37"":0,""48"":80,""49"":20,""224"":""AC8="",""225"":202128,""226"":0,""227"":281474976710656,""228"":0,""229"":0,""230"":0,""231"":0}",0.0,1879353494011949057,0.0,0.0,0.0
1764211365000,2025-11-27 10:42:45.000,104.21499,35.931606,104.20838833445588,35.92585864891449,104.205724,35.926072,0.0,0.0,14783.7,1.0,1,612042023200085,"{""1"":147837,""3"":0,""37"":0,""48"":80,""49"":28,""224"":""AC8="",""225"":147837,""226"":0,""227"":281474976710656,""228"":0,""229"":0,""230"":0,""231"":0}",0.0,1879358279721201665,18.04173318299407,0.0,-0.2777777777777778
1764211365000,2025-11-27 10:42:45.000,104.214792,35.93202,104.20819164238392,35.926270038082826,104.205512,35.926482,0.0,0.0,17726.1,1.0,1,612042023200080,"{""1"":177261,""3"":0,""37"":0,""48"":80,""49"":34,""224"":""AC8="",""225"":177261,""226"":0,""227"":281474976710656,""228"":0,""229"":0,""230"":0,""231"":0}",0.0,1879364340897329154,25.901463418304903,0.0,0.2777777777777778
1764211366000,2025-11-27 10:42:46.000,104.21491,35.931756,104.20830945692995,35.9260078009324,104.20562,35.926219,0.0,339.0,17735.8,1.0,1,612042023200066,"{""1"":177358,""3"":0,""37"":16,""48"":80,""49"":33,""224"":""AC8="",""225"":177358,""226"":0,""227"":282574488338432,""228"":0,""229"":1639,""230"":0,""231"":0}",0.0,1879347316192227330,31.029180144247984,0.0,-0.2777777777777778
1764211366000,2025-11-27 10:42:46.000,104.214675,35.932233,104.20807482407174,35.92648226162132,104.205415,35.926692,1.0,0.0,20212.8,1.0,1,612042023200098,"{""1"":202128,""3"":0,""37"":0,""48"":80,""49"":20,""224"":""AC8="",""225"":202128,""226"":0,""227"":281474976710656,""228"":0,""229"":0,""230"":0,""231"":0}",0.143,1879353494011949057,0.0,0.0,0.2777777777777778
1764211366000,2025-11-27 10:42:46.000,104.21499,35.931606,104.20838833445588,35.92585864891449,104.205724,35.926072,0.0,0.0,14783.7,1.0,1,612042023200085,"{""1"":147837,""3"":0,""37"":0,""48"":80,""49"":29,""224"":""AC8="",""225"":147837,""226"":0,""227"":281474976710656,""228"":0,""229"":0,""230"":0,""231"":0}",0.0,1879358279721201665,18.04173318299407,0.0,0.0
1764211366000,2025-11-27 10:42:46.000,104.214792,35.93202,104.20819164238392,35.926270038082826,104.205512,35.926483,0.0,0.0,17726.1,1.0,1,612042023200080,"{""1"":177261,""3"":0,""37"":0,""48"":80,""49"":34,""224"":""AC8="",""225"":177261,""226"":0,""227"":281474976710656,""228"":0,""229"":0,""230"":0,""231"":0}",0.0,1879364340897329154,25.836318291951105,0.0,0.0
1764211367000,2025-11-27 10:42:47.000,104.21491,35.931756,104.20830945692995,35.9260078009324,104.20562,35.926219,0.0,339.0,17735.8,1.0,1,612042023200066,"{""1"":177358,""3"":0,""37"":16,""48"":80,""49"":33,""224"":""AC8="",""225"":177358,""226"":0,""227"":282574488338432,""228"":0,""229"":1639,""230"":0,""231"":0}",0.0,1879347316192227330,31.029180144247984,0.0,0.0
1764211367000,2025-11-27 10:42:47.000,104.214676,35.932233,104.20807582261632,35.92648226016067,104.205416,35.926692,1.0,0.0,20212.8,1.0,1,612042023200098,"{""1"":202128,""3"":0,""37"":0,""48"":80,""49"":19,""224"":""AC8="",""225"":202128,""226"":0,""227"":281474976710656,""228"":0,""229"":0,""230"":0,""231"":0}",0.09,1879353494011949057,0.0,0.0,0.0
1764211367000,2025-11-27 10:42:47.000,104.21499,35.931606,104.20838833445588,35.92585864891449,104.205724,35.926072,0.0,0.0,14783.7,1.0,1,612042023200085,"{""1"":147837,""3"":0,""37"":0,""48"":80,""49"":29,""224"":""AC8="",""225"":147837,""226"":0,""227"":281474976710656,""228"":0,""229"":0,""230"":0,""231"":0}",0.0,1879358279721201665,18.04173318299407,0.0,-0.2777777777777778
1764211367000,2025-11-27 10:42:47.000,104.214792,35.93202,104.20819164238392,35.926270038082826,104.205512,35.926483,0.0,0.0,17726.1,1.0,1,612042023200080,"{""1"":177261,""3"":0,""37"":0,""48"":80,""49"":34,""224"":""AC8="",""225"":177261,""226"":0,""227"":281474976710656,""228"":0,""229"":0,""230"":0,""231"":0}",0.0,1879364340897329154,25.79969523482868,0.0,0.2777777777777778
1764211368000,2025-11-27 10:42:48.000,104.21491,35.931756,104.20830945692995,35.9260078009324,104.20562,35.926218,0.0,339.0,17735.8,1.0,1,612042023200066,"{""1"":177358,""3"":0,""37"":16,""48"":80,""49"":33,""224"":""AC8="",""225"":177358,""226"":0,""227"":282574488338432,""228"":0,""229"":1639,""230"":0,""231"":0}",0.0,1879347316192227330,31.029180144247984,0.0,0.0
1764211368000,2025-11-27 10:42:48.000,104.214676,35.932233,104.20807582261632,35.92648226016067,104.205416,35.926692,0.0,0.0,20212.8,1.0,1,612042023200098,"{""1"":202128,""3"":0,""37"":0,""48"":80,""49"":19,""224"":""AC8="",""225"":202128,""226"":0,""227"":281474976710656,""228"":0,""229"":0,""230"":0,""231"":0}",0.0,1879353494011949057,0.0,0.0,0.0
1764211368000,2025-11-27 10:42:48.000,104.21499,35.931606,104.20838833445588,35.92585864891449,104.205724,35.926072,0.0,0.0,14783.7,1.0,1,612042023200085,"{""1"":147837,""3"":0,""37"":0,""48"":80,""49"":29,""224"":""AC8="",""225"":147837,""226"":0,""227"":281474976710656,""228"":0,""229"":0,""230"":0,""231"":0}",0.0,1879358279721201665,18.04173318299407,0.0,0.0
1764211368000,2025-11-27 10:42:48.000,104.214792,35.93202,104.20819164238392,35.926270038082826,104.205512,35.926483,0.0,0.0,17726.1,1.0,1,612042023200080,"{""1"":177261,""3"":0,""37"":0,""48"":80,""49"":34,""224"":""AC8="",""225"":177261,""226"":0,""227"":281474976710656,""228"":0,""229"":0,""230"":0,""231"":0}",0.0,1879364340897329154,25.79969523482868,0.0,0.0
1764211369000,2025-11-27 10:42:49.000,104.21491,35.931756,104.20830945692995,35.9260078009324,104.20562,35.926218,0.0,339.0,17735.8,1.0,1,612042023200066,"{""1"":177358,""3"":0,""37"":16,""48"":80,""49"":33,""224"":""AC8="",""225"":177358,""226"":0,""227"":282574488338432,""228"":0,""229"":1639,""230"":0,""231"":0}",0.0,1879347316192227330,31.029180144247984,0.0,-0.2777777777777778
1764211369000,2025-11-27 10:42:49.000,104.214676,35.932233,104.20807582261632,35.92648226016067,104.205416,35.926692,0.0,0.0,20212.8,1.0,1,612042023200098,"{""1"":202128,""3"":0,""37"":0,""48"":80,""49"":19,""224"":""AC8="",""225"":202128,""226"":0,""227"":281474976710656,""228"":0,""229"":0,""230"":0,""231"":0}",0.0,1879353494011949057,0.0,0.0,0.0
1764211369000,2025-11-27 10:42:49.000,104.21499,35.931606,104.20838833445588,35.92585864891449,104.205724,35.926072,0.0,0.0,14783.7,1.0,1,612042023200085,"{""1"":147837,""3"":0,""37"":0,""48"":80,""49"":29,""224"":""AC8="",""225"":147837,""226"":0,""227"":281474976710656,""228"":0,""229"":0,""230"":0,""231"":0}",0.0,1879358279721201665,18.04173318299407,0.0,0.2777777777777778
1764211369000,2025-11-27 10:42:49.000,104.214792,35.93202,104.20819164238392,35.926270038082826,104.205512,35.926483,0.0,0.0,17726.1,1.0,1,612042023200080,"{""1"":177261,""3"":0,""37"":0,""48"":80,""49"":34,""224"":""AC8="",""225"":177261,""226"":0,""227"":281474976710656,""228"":0,""229"":0,""230"":0,""231"":0}",0.0,1879364340897329154,25.79969523482868,0.0,0.2777777777777778
1764211370000,2025-11-27 10:42:50.000,104.21491,35.931756,104.20830945692995,35.9260078009324,104.20562,35.926218,0.0,339.0,17735.8,1.0,1,612042023200066,"{""1"":177358,""3"":0,""37"":16,""48"":80,""49"":33,""224"":""AC8="",""225"":177358,""226"":0,""227"":282574488338432,""228"":0,""229"":1639,""230"":0,""231"":0}",0.0,1879347316192227330,31.029180144247984,0.0,-0.2777777777777778
1764211370000,2025-11-27 10:42:50.000,104.214676,35.932233,104.20807582261632,35.92648226016067,104.205415,35.926692,0.0,0.0,20212.8,1.0,1,612042023200098,"{""1"":202128,""3"":0,""37"":0,""48"":80,""49"":19,""224"":""AC8="",""225"":202128,""226"":0,""227"":281474976710656,""228"":0,""229"":0,""230"":0,""231"":0}",0.0,1879353494011949057,0.0,0.0,0.0
1764211370000,2025-11-27 10:42:50.000,104.21499,35.931606,104.20838833445588,35.92585864891449,104.205724,35.926072,0.0,0.0,14783.7,1.0,1,612042023200085,"{""1"":147837,""3"":0,""37"":0,""48"":80,""49"":29,""224"":""AC8="",""225"":147837,""226"":0,""227"":281474976710656,""228"":0,""229"":0,""230"":0,""231"":0}",0.0,1879358279721201665,18.04173318299407,0.0,0.0
1764211370000,2025-11-27 10:42:50.000,104.214792,35.93202,104.20819164238392,35.926270038082826,104.205512,35.926483,0.0,0.0,17726.1,1.0,1,612042023200080,"{""1"":177261,""3"":0,""37"":0,""48"":80,""49"":35,""224"":""AC8="",""225"":177261,""226"":0,""227"":281474976710656,""228"":0,""229"":0,""230"":0,""231"":0}",0.0,1879364340897329154,25.79969523482868,0.0,-0.2777777777777778
1764211371000,2025-11-27 10:42:51.000,104.21491,35.931756,104.20830945692995,35.9260078009324,104.20562,35.926218,0.0,339.0,17735.8,1.0,1,612042023200066,"{""1"":177358,""3"":0,""37"":16,""48"":80,""49"":33,""224"":""AC8="",""225"":177358,""226"":0,""227"":282574488338432,""228"":0,""229"":1639,""230"":0,""231"":0}",0.0,1879347316192227330,31.029180144247984,0.0,0.2777777777777778
1764211371000,2025-11-27 10:42:51.000,104.214676,35.932233,104.20807582261632,35.92648226016067,104.205414,35.926691,0.0,0.0,20212.8,1.0,1,612042023200098,"{""1"":202128,""3"":0,""37"":0,""48"":80,""49"":20,""224"":""AC8="",""225"":202128,""226"":0,""227"":281474976710656,""228"":0,""229"":0,""230"":0,""231"":0}",0.0,1879353494011949057,0.0,0.0,0.0
1764211371000,2025-11-27 10:42:51.000,104.21499,35.931606,104.20838833445588,35.92585864891449,104.205725,35.926072,0.0,0.0,14783.7,1.0,1,612042023200085,"{""1"":147837,""3"":0,""37"":0,""48"":80,""49"":29,""224"":""AC8="",""225"":147837,""226"":0,""227"":281474976710656,""228"":0,""229"":0,""230"":0,""231"":0}",0.0,1879358279721201665,18.04173318299407,0.0,0.0
1764211371000,2025-11-27 10:42:51.000,104.214792,35.93202,104.20819164238392,35.926270038082826,104.205512,35.926483,0.0,0.0,17726.1,1.0,1,612042023200080,"{""1"":177261,""3"":0,""37"":0,""48"":80,""49"":35,""224"":""AC8="",""225"":177261,""226"":0,""227"":281474976710656,""228"":0,""229"":0,""230"":0,""231"":0}",0.0,1879364340897329154,25.79969523482868,0.0,-0.2777777777777778
1764211372000,2025-11-27 10:42:52.000,104.21491,35.931756,104.20830945692995,35.9260078009324,104.20562,35.926218,0.0,339.0,17735.8,1.0,1,612042023200066,"{""1"":177358,""3"":0,""37"":16,""48"":80,""49"":33,""224"":""AC8="",""225"":177358,""226"":0,""227"":282574488338432,""228"":0,""229"":1639,""230"":0,""231"":0}",0.0,1879347316192227330,31.029180144247984,0.0,0.0
1764211372000,2025-11-27 10:42:52.000,104.214676,35.932233,104.20807582261632,35.92648226016067,104.205414,35.926692,0.0,0.0,20212.8,1.0,1,612042023200098,"{""1"":202128,""3"":0,""37"":0,""48"":80,""49"":20,""224"":""AC8="",""225"":202128,""226"":0,""227"":281474976710656,""228"":0,""229"":0,""230"":0,""231"":0}",0.0,1879353494011949057,0.0,0.0,0.2777777777777778
1764211372000,2025-11-27 10:42:52.000,104.21499,35.931606,104.20838833445588,35.92585864891449,104.205725,35.926072,0.0,0.0,14783.7,1.0,1,612042023200085,"{""1"":147837,""3"":0,""37"":0,""48"":80,""49"":29,""224"":""AC8="",""225"":147837,""226"":0,""227"":281474976710656,""228"":0,""229"":0,""230"":0,""231"":0}",0.0,1879358279721201665,18.04173318299407,0.0,0.0
1764211372000,2025-11-27 10:42:52.000,104.214792,35.93202,104.20819164238392,35.926270038082826,104.205512,35.926483,0.0,0.0,17726.1,1.0,1,612042023200080,"{""1"":177261,""3"":0,""37"":0,""48"":80,""49"":35,""224"":""AC8="",""225"":177261,""226"":0,""227"":281474976710656,""228"":0,""229"":0,""230"":0,""231"":0}",0.0,1879364340897329154,25.79969523482868,0.0,0.0
1764211373000,2025-11-27 10:42:53.000,104.21491,35.931756,104.20830945692995,35.9260078009324,104.20562,35.926218,0.0,339.0,17735.8,1.0,1,612042023200066,"{""1"":177358,""3"":0,""37"":16,""48"":80,""49"":33,""224"":""AC8="",""225"":177358,""226"":0,""227"":282574488338432,""228"":0,""229"":1639,""230"":0,""231"":0}",0.0,1879347316192227330,31.029180144247984,0.0,-0.2777777777777778
1764211373000,2025-11-27 10:42:53.000,104.214676,35.932233,104.20807582261632,35.92648226016067,104.205415,35.926693,0.0,0.0,20212.8,1.0,1,612042023200098,"{""1"":202128,""3"":0,""37"":0,""48"":80,""49"":21,""224"":""AC8="",""225"":202128,""226"":0,""227"":281474976710656,""228"":0,""229"":0,""230"":0,""231"":0}",0.0,1879353494011949057,0.0,0.0,0.2777777777777778
1764211373000,2025-11-27 10:42:53.000,104.21499,35.931606,104.20838833445588,35.92585864891449,104.205725,35.926072,0.0,0.0,14783.7,1.0,1,612042023200085,"{""1"":147837,""3"":0,""37"":0,""48"":80,""49"":28,""224"":""AC8="",""225"":147837,""226"":0,""227"":281474976710656,""228"":0,""229"":0,""230"":0,""231"":0}",0.0,1879358279721201665,18.04173318299407,0.0,0.0
1764211373000,2025-11-27 10:42:53.000,104.214792,35.93202,104.20819164238392,35.926270038082826,104.205512,35.926483,0.0,0.0,17726.1,1.0,1,612042023200080,"{""1"":177261,""3"":0,""37"":0,""48"":80,""49"":35,""224"":""AC8="",""225"":177261,""226"":0,""227"":281474976710656,""228"":0,""229"":0,""230"":0,""231"":0}",0.0,1879364340897329154,25.79969523482868,0.0,0.0
1764211374000,2025-11-27 10:42:54.000,104.21491,35.931756,104.20830945692995,35.9260078009324,104.20562,35.926218,0.0,339.0,17735.8,1.0,1,612042023200066,"{""1"":177358,""3"":0,""37"":16,""48"":80,""49"":33,""224"":""AC8="",""225"":177358,""226"":0,""227"":282574488338432,""228"":0,""229"":1639,""230"":0,""231"":0}",0.0,1879347316192227330,31.029180144247984,0.0,0.0
1764211374000,2025-11-27 10:42:54.000,104.214675,35.932234,104.20807482412653,35.926483261870345,104.205415,35.926693,1.0,0.0,20212.8,1.0,1,612042023200098,"{""1"":202128,""3"":0,""37"":0,""48"":80,""49"":20,""224"":""AC8="",""225"":202128,""226"":0,""227"":281474976710656,""228"":0,""229"":0,""230"":0,""231"":0}",0.143,1879353494011949057,0.0,0.0,0.0
1764211374000,2025-11-27 10:42:54.000,104.21499,35.931606,104.20838833445588,35.92585864891449,104.205725,35.926072,0.0,0.0,14783.7,1.0,1,612042023200085,"{""1"":147837,""3"":0,""37"":0,""48"":80,""49"":28,""224"":""AC8="",""225"":147837,""226"":0,""227"":281474976710656,""228"":0,""229"":0,""230"":0,""231"":0}",0.0,1879358279721201665,18.04173318299407,0.0,0.2777777777777778
1764211374000,2025-11-27 10:42:54.000,104.214792,35.93202,104.20819164238392,35.926270038082826,104.205512,35.926483,0.0,0.0,17726.1,1.0,1,612042023200080,"{""1"":177261,""3"":0,""37"":0,""48"":80,""49"":35,""224"":""AC8="",""225"":177261,""226"":0,""227"":281474976710656,""228"":0,""229"":0,""230"":0,""231"":0}",0.0,1879364340897329154,25.937943462181902,0.0,-0.2777777777777778
1764211375000,2025-11-27 10:42:55.000,104.21491,35.931756,104.20830945692995,35.9260078009324,104.20562,35.926218,0.0,339.0,17735.8,1.0,1,612042023200066,"{""1"":177358,""3"":0,""37"":16,""48"":80,""49"":33,""224"":""AC8="",""225"":177358,""226"":0,""227"":282574488338432,""228"":0,""229"":1639,""230"":0,""231"":0}",0.0,1879347316192227330,31.029180144247984,0.0,0.0
1764211375000,2025-11-27 10:42:55.000,104.214675,35.932234,104.20807482412653,35.926483261870345,104.205416,35.926693,0.0,0.0,20212.8,1.0,1,612042023200098,"{""1"":202128,""3"":0,""37"":0,""48"":80,""49"":20,""224"":""AC8="",""225"":202128,""226"":0,""227"":281474976710656,""228"":0,""229"":0,""230"":0,""231"":0}",0.0,1879353494011949057,0.0,0.0,0.2777777777777778
1764211375000,2025-11-27 10:42:55.000,104.21499,35.931606,104.20838833445588,35.92585864891449,104.205725,35.926072,0.0,0.0,14783.7,1.0,1,612042023200085,"{""1"":147837,""3"":0,""37"":0,""48"":80,""49"":29,""224"":""AC8="",""225"":147837,""226"":0,""227"":281474976710656,""228"":0,""229"":0,""230"":0,""231"":0}",0.0,1879358279721201665,18.04173318299407,0.0,-0.2777777777777778
1764211375000,2025-11-27 10:42:55.000,104.214792,35.93202,104.20819164238392,35.926270038082826,104.205512,35.926483,0.0,0.0,17726.1,1.0,1,612042023200080,"{""1"":177261,""3"":0,""37"":0,""48"":80,""49"":35,""224"":""AC8="",""225"":177261,""226"":0,""227"":281474976710656,""228"":0,""229"":0,""230"":0,""231"":0}",0.0,1879364340897329154,25.937943462181902,0.0,0.0
1764211376000,2025-11-27 10:42:56.000,104.21491,35.931756,104.20830945692995,35.9260078009324,104.205619,35.926218,0.0,339.0,17735.8,1.0,1,612042023200066,"{""1"":177358,""3"":0,""37"":16,""48"":80,""49"":33,""224"":""AC8="",""225"":177358,""226"":0,""227"":282574488338432,""228"":0,""229"":1639,""230"":0,""231"":0}",0.0,1879347316192227330,31.029180144247984,0.0,-0.2777777777777778
1764211376000,2025-11-27 10:42:56.000,104.214675,35.932233,104.20807482407174,35.92648226162132,104.205415,35.926692,1.0,0.0,20212.8,1.0,1,612042023200098,"{""1"":202128,""3"":0,""37"":0,""48"":80,""49"":20,""224"":""AC8="",""225"":202128,""226"":0,""227"":281474976710656,""228"":0,""229"":0,""230"":0,""231"":0}",0.111,1879353494011949057,0.0,0.0,0.2777777777777778
1764211376000,2025-11-27 10:42:56.000,104.21499,35.931606,104.20838833445588,35.92585864891449,104.205725,35.926072,0.0,0.0,14783.7,1.0,1,612042023200085,"{""1"":147837,""3"":0,""37"":0,""48"":80,""49"":29,""224"":""AC8="",""225"":147837,""226"":0,""227"":281474976710656,""228"":0,""229"":0,""230"":0,""231"":0}",0.0,1879358279721201665,18.04173318299407,0.0,0.0
1764211376000,2025-11-27 10:42:56.000,104.214792,35.93202,104.20819164238392,35.926270038082826,104.205512,35.926483,0.0,0.0,17726.1,1.0,1,612042023200080,"{""1"":177261,""3"":0,""37"":0,""48"":80,""49"":34,""224"":""AC8="",""225"":177261,""226"":0,""227"":281474976710656,""228"":0,""229"":0,""230"":0,""231"":0}",0.0,1879364340897329154,25.836318291951105,0.0,-0.2777777777777778
1764211377000,2025-11-27 10:42:57.000,104.21491,35.931756,104.20830945692995,35.9260078009324,104.205619,35.926218,0.0,339.0,17735.8,1.0,1,612042023200066,"{""1"":177358,""3"":0,""37"":16,""48"":80,""49"":33,""224"":""AC8="",""225"":177358,""226"":0,""227"":282574488338432,""228"":0,""229"":1639,""230"":0,""231"":0}",0.0,1879347316192227330,31.029180144247984,0.0,0.2777777777777778
1764211377000,2025-11-27 10:42:57.000,104.214675,35.932233,104.20807482407174,35.92648226162132,104.205415,35.926692,2.0,0.0,20212.8,1.0,1,612042023200098,"{""1"":202128,""3"":0,""37"":0,""48"":80,""49"":19,""224"":""AC8="",""225"":202128,""226"":0,""227"":281474976710656,""228"":0,""229"":0,""230"":0,""231"":0}",0.0,1879353494011949057,0.0,0.0,0.2777777777777778
1764211377000,2025-11-27 10:42:57.000,104.21499,35.931606,104.20838833445588,35.92585864891449,104.205725,35.926072,0.0,0.0,14783.7,1.0,1,612042023200085,"{""1"":147837,""3"":0,""37"":0,""48"":80,""49"":29,""224"":""AC8="",""225"":147837,""226"":0,""227"":281474976710656,""228"":0,""229"":0,""230"":0,""231"":0}",0.0,1879358279721201665,18.04173318299407,0.0,-0.2777777777777778
1764211377000,2025-11-27 10:42:57.000,104.214792,35.93202,104.20819164238392,35.926270038082826,104.205512,35.926483,0.0,0.0,17726.1,1.0,1,612042023200080,"{""1"":177261,""3"":0,""37"":0,""48"":80,""49"":34,""224"":""AC8="",""225"":177261,""226"":0,""227"":281474976710656,""228"":0,""229"":0,""230"":0,""231"":0}",0.0,1879364340897329154,25.836318291951105,0.0,-0.2777777777777778
1764211378000,2025-11-27 10:42:58.000,104.21491,35.931756,104.20830945692995,35.9260078009324,104.205619,35.926218,0.0,339.0,17735.8,1.0,1,612042023200066,"{""1"":177358,""3"":0,""37"":16,""48"":80,""49"":33,""224"":""AC8="",""225"":177358,""226"":0,""227"":282574488338432,""228"":0,""229"":1639,""230"":0,""231"":0}",0.0,1879347316192227330,31.029180144247984,0.0,0.2777777777777778
1764211378000,2025-11-27 10:42:58.000,104.214674,35.932232,104.20807382547244,35.92648126283296,104.205414,35.926691,1.0,0.0,20212.8,1.0,1,612042023200098,"{""1"":202128,""3"":0,""37"":0,""48"":80,""49"":20,""224"":""AC8="",""225"":202128,""226"":0,""227"":281474976710656,""228"":0,""229"":0,""230"":0,""231"":0}",0.143,1879353494011949057,0.0,0.0,0.0
1764211378000,2025-11-27 10:42:58.000,104.21499,35.931606,104.20838833445588,35.92585864891449,104.205725,35.926072,0.0,0.0,14783.7,1.0,1,612042023200085,"{""1"":147837,""3"":0,""37"":0,""48"":80,""49"":29,""224"":""AC8="",""225"":147837,""226"":0,""227"":281474976710656,""228"":0,""229"":0,""230"":0,""231"":0}",0.0,1879358279721201665,18.04173318299407,0.0,-0.2777777777777778
1764211378000,2025-11-27 10:42:58.000,104.214792,35.93202,104.20819164238392,35.926270038082826,104.205512,35.926483,0.0,0.0,17726.1,1.0,1,612042023200080,"{""1"":177261,""3"":0,""37"":0,""48"":80,""49"":34,""224"":""AC8="",""225"":177261,""226"":0,""227"":281474976710656,""228"":0,""229"":0,""230"":0,""231"":0}",0.0,1879364340897329154,25.771800816139468,0.0,0.2777777777777778
1764211379000,2025-11-27 10:42:59.000,104.21491,35.931756,104.20830945692995,35.9260078009324,104.205619,35.926218,0.0,339.0,17735.8,1.0,1,612042023200066,"{""1"":177358,""3"":0,""37"":16,""48"":80,""49"":33,""224"":""AC8="",""225"":177358,""226"":0,""227"":282574488338432,""228"":0,""229"":1639,""230"":0,""231"":0}",0.0,1879347316192227330,31.029180144247984,0.0,0.0
1764211379000,2025-11-27 10:42:59.000,104.214675,35.932233,104.20807482407174,35.92648226162132,104.205415,35.926692,1.0,0.0,20212.8,1.0,1,612042023200098,"{""1"":202128,""3"":0,""37"":0,""48"":80,""49"":20,""224"":""AC8="",""225"":202128,""226"":0,""227"":281474976710656,""228"":0,""229"":0,""230"":0,""231"":0}",0.143,1879353494011949057,0.0,0.0,-0.2777777777777778
1764211379000,2025-11-27 10:42:59.000,104.21499,35.931606,104.20838833445588,35.92585864891449,104.205725,35.926072,0.0,0.0,14783.7,1.0,1,612042023200085,"{""1"":147837,""3"":0,""37"":0,""48"":80,""49"":29,""224"":""AC8="",""225"":147837,""226"":0,""227"":281474976710656,""228"":0,""229"":0,""230"":0,""231"":0}",0.0,1879358279721201665,18.04173318299407,0.0,0.2777777777777778
1764211379000,2025-11-27 10:42:59.000,104.214792,35.93202,104.20819164238392,35.926270038082826,104.205512,35.926483,0.0,0.0,17726.1,1.0,1,612042023200080,"{""1"":177261,""3"":0,""37"":0,""48"":80,""49"":34,""224"":""AC8="",""225"":177261,""226"":0,""227"":281474976710656,""228"":0,""229"":0,""230"":0,""231"":0}",0.0,1879364340897329154,25.836318291951105,0.0,0.0
1764211380000,2025-11-27 10:43:00.000,104.21491,35.931756,104.20830945692995,35.9260078009324,104.205618,35.926218,0.0,339.0,17735.8,1.0,1,612042023200066,"{""1"":177358,""3"":0,""37"":16,""48"":80,""49"":33,""224"":""AC8="",""225"":177358,""226"":0,""227"":282574488338432,""228"":0,""229"":1639,""230"":0,""231"":0}",0.0,1879347316192227330,31.029180144247984,0.0,0.0
1764211380000,2025-11-27 10:43:00.000,104.214675,35.932233,104.20807482407174,35.92648226162132,104.205415,35.926693,0.0,0.0,20212.8,1.0,1,612042023200098,"{""1"":202128,""3"":0,""37"":0,""48"":80,""49"":21,""224"":""AC8="",""225"":202128,""226"":0,""227"":281474976710656,""228"":0,""229"":0,""230"":0,""231"":0}",0.0,1879353494011949057,0.0,0.0,0.0
1764211380000,2025-11-27 10:43:00.000,104.21499,35.931606,104.20838833445588,35.92585864891449,104.205725,35.926072,0.0,0.0,14783.7,1.0,1,612042023200085,"{""1"":147837,""3"":0,""37"":0,""48"":80,""49"":29,""224"":""AC8="",""225"":147837,""226"":0,""227"":281474976710656,""228"":0,""229"":0,""230"":0,""231"":0}",0.0,1879358279721201665,18.04173318299407,0.0,0.0
1764211380000,2025-11-27 10:43:00.000,104.214792,35.93202,104.20819164238392,35.926270038082826,104.205512,35.926483,0.0,0.0,17726.1,1.0,1,612042023200080,"{""1"":177261,""3"":0,""37"":0,""48"":80,""49"":34,""224"":""AC8="",""225"":177261,""226"":0,""227"":281474976710656,""228"":0,""229"":0,""230"":0,""231"":0}",0.0,1879364340897329154,25.836318291951105,0.0,-0.2777777777777778
1764211381000,2025-11-27 10:43:01.000,104.21491,35.931756,104.20830945692995,35.9260078009324,104.205618,35.926218,0.0,339.0,17735.8,1.0,1,612042023200066,"{""1"":177358,""3"":0,""37"":16,""48"":80,""49"":33,""224"":""AC8="",""225"":177358,""226"":0,""227"":282574488338432,""228"":0,""229"":1639,""230"":0,""231"":0}",0.0,1879347316192227330,31.029180144247984,0.0,0.0
1764211381000,2025-11-27 10:43:01.000,104.214675,35.932233,104.20807482407174,35.92648226162132,104.205414,35.926691,0.0,0.0,20212.8,1.0,1,612042023200098,"{""1"":202128,""3"":0,""37"":0,""48"":80,""49"":20,""224"":""AC8="",""225"":202128,""226"":0,""227"":281474976710656,""228"":0,""229"":0,""230"":0,""231"":0}",0.0,1879353494011949057,0.0,0.0,0.2777777777777778
1764211381000,2025-11-27 10:43:01.000,104.21499,35.931606,104.20838833445588,35.92585864891449,104.205725,35.926072,0.0,0.0,14783.7,1.0,1,612042023200085,"{""1"":147837,""3"":0,""37"":0,""48"":80,""49"":29,""224"":""AC8="",""225"":147837,""226"":0,""227"":281474976710656,""228"":0,""229"":0,""230"":0,""231"":0}",0.0,1879358279721201665,18.04173318299407,0.0,0.0
1764211381000,2025-11-27 10:43:01.000,104.214792,35.93202,104.20819164238392,35.926270038082826,104.205513,35.926483,0.0,0.0,17726.1,1.0,1,612042023200080,"{""1"":177261,""3"":0,""37"":0,""48"":80,""49"":34,""224"":""AC8="",""225"":177261,""226"":0,""227"":281474976710656,""228"":0,""229"":0,""230"":0,""231"":0}",0.0,1879364340897329154,25.836318291951105,0.0,-0.2777777777777778
1764211382000,2025-11-27 10:43:02.000,104.21491,35.931756,104.20830945692995,35.9260078009324,104.205618,35.926218,0.0,339.0,17735.8,1.0,1,612042023200066,"{""1"":177358,""3"":0,""37"":16,""48"":80,""49"":33,""224"":""AC8="",""225"":177358,""226"":0,""227"":282574488338432,""228"":0,""229"":1639,""230"":0,""231"":0}",0.0,1879347316192227330,31.029180144247984,0.0,0.0
1764211382000,2025-11-27 10:43:02.000,104.214675,35.932232,104.20807482401698,35.92648126137229,104.205415,35.926691,1.0,0.0,20212.8,1.0,1,612042023200098,"{""1"":202128,""3"":0,""37"":0,""48"":80,""49"":21,""224"":""AC8="",""225"":202128,""226"":0,""227"":281474976710656,""228"":0,""229"":0,""230"":0,""231"":0}",0.111,1879353494011949057,0.0,0.0,0.2777777777777778
1764211382000,2025-11-27 10:43:02.000,104.21499,35.931606,104.20838833445588,35.92585864891449,104.205726,35.926072,0.0,0.0,14783.7,1.0,1,612042023200085,"{""1"":147837,""3"":0,""37"":0,""48"":80,""49"":29,""224"":""AC8="",""225"":147837,""226"":0,""227"":281474976710656,""228"":0,""229"":0,""230"":0,""231"":0}",0.0,1879358279721201665,18.04173318299407,0.0,0.0
1764211382000,2025-11-27 10:43:02.000,104.214792,35.93202,104.20819164238392,35.926270038082826,104.205513,35.926483,0.0,0.0,17726.1,1.0,1,612042023200080,"{""1"":177261,""3"":0,""37"":0,""48"":80,""49"":34,""224"":""AC8="",""225"":177261,""226"":0,""227"":281474976710656,""228"":0,""229"":0,""230"":0,""231"":0}",0.0,1879364340897329154,25.73477250012174,0.0,-0.2777777777777778
1764211383000,2025-11-27 10:43:03.000,104.21491,35.931756,104.20830945692995,35.9260078009324,104.205618,35.926218,0.0,339.0,17735.8,1.0,1,612042023200066,"{""1"":177358,""3"":0,""37"":16,""48"":80,""49"":33,""224"":""AC8="",""225"":177358,""226"":0,""227"":282574488338432,""228"":0,""229"":1639,""230"":0,""231"":0}",0.0,1879347316192227330,31.029180144247984,0.0,0.2777777777777778
1764211383000,2025-11-27 10:43:03.000,104.214674,35.932233,104.2080738255272,35.926482263081986,104.205414,35.926692,1.0,0.0,20212.8,1.0,1,612042023200098,"{""1"":202128,""3"":0,""37"":0,""48"":80,""49"":20,""224"":""AC8="",""225"":202128,""226"":0,""227"":281474976710656,""228"":0,""229"":0,""230"":0,""231"":0}",0.143,1879353494011949057,0.0,0.0,0.0
1764211383000,2025-11-27 10:43:03.000,104.21499,35.931606,104.20838833445588,35.92585864891449,104.205726,35.926072,0.0,0.0,14783.7,1.0,1,612042023200085,"{""1"":147837,""3"":0,""37"":0,""48"":80,""49"":29,""224"":""AC8="",""225"":147837,""226"":0,""227"":281474976710656,""228"":0,""229"":0,""230"":0,""231"":0}",0.0,1879358279721201665,18.04173318299407,0.0,0.0
1764211383000,2025-11-27 10:43:03.000,104.214792,35.93202,104.20819164238392,35.926270038082826,104.205513,35.926483,0.0,0.0,17726.1,1.0,1,612042023200080,"{""1"":177261,""3"":0,""37"":0,""48"":80,""49"":34,""224"":""AC8="",""225"":177261,""226"":0,""227"":281474976710656,""228"":0,""229"":0,""230"":0,""231"":0}",0.0,1879364340897329154,25.873201962695365,0.0,0.0
1764211384000,2025-11-27 10:43:04.000,104.21491,35.931756,104.20830945692995,35.9260078009324,104.205618,35.926218,0.0,339.0,17735.8,1.0,1,612042023200066,"{""1"":177358,""3"":0,""37"":16,""48"":80,""49"":33,""224"":""AC8="",""225"":177358,""226"":0,""227"":282574488338432,""228"":0,""229"":1639,""230"":0,""231"":0}",0.0,1879347316192227330,31.029180144247984,0.0,0.0
1764211384000,2025-11-27 10:43:04.000,104.214674,35.932233,104.2080738255272,35.926482263081986,104.205414,35.926692,1.0,0.0,20212.8,1.0,1,612042023200098,"{""1"":202128,""3"":0,""37"":0,""48"":80,""49"":20,""224"":""AC8="",""225"":202128,""226"":0,""227"":281474976710656,""228"":0,""229"":0,""230"":0,""231"":0}",0.0,1879353494011949057,0.0,0.0,0.0
1764211384000,2025-11-27 10:43:04.000,104.21499,35.931606,104.20838833445588,35.92585864891449,104.205726,35.926072,0.0,0.0,14783.7,1.0,1,612042023200085,"{""1"":147837,""3"":0,""37"":0,""48"":80,""49"":28,""224"":""AC8="",""225"":147837,""226"":0,""227"":281474976710656,""228"":0,""229"":0,""230"":0,""231"":0}",0.0,1879358279721201665,18.04173318299407,0.0,0.0
1764211384000,2025-11-27 10:43:04.000,104.214792,35.93202,104.20819164238392,35.926270038082826,104.205513,35.926483,0.0,0.0,17726.1,1.0,1,612042023200080,"{""1"":177261,""3"":0,""37"":0,""48"":80,""49"":34,""224"":""AC8="",""225"":177261,""226"":0,""227"":281474976710656,""228"":0,""229"":0,""230"":0,""231"":0}",0.0,1879364340897329154,25.873201962695365,0.0,-0.2777777777777778
1764211385000,2025-11-27 10:43:05.000,104.21491,35.931756,104.20830945692995,35.9260078009324,104.205618,35.926219,0.0,339.0,17735.8,1.0,1,612042023200066,"{""1"":177358,""3"":0,""37"":16,""48"":80,""49"":33,""224"":""AC8="",""225"":177358,""226"":0,""227"":282574488338432,""228"":0,""229"":1639,""230"":0,""231"":0}",0.0,1879347316192227330,31.029180144247984,0.0,0.2777777777777778
1764211385000,2025-11-27 10:43:05.000,104.214674,35.932233,104.2080738255272,35.926482263081986,104.205415,35.926693,0.0,0.0,20212.8,1.0,1,612042023200098,"{""1"":202128,""3"":0,""37"":0,""48"":80,""49"":20,""224"":""AC8="",""225"":202128,""226"":0,""227"":281474976710656,""228"":0,""229"":0,""230"":0,""231"":0}",0.0,1879353494011949057,0.0,0.0,0.0
1764211385000,2025-11-27 10:43:05.000,104.21499,35.931606,104.20838833445588,35.92585864891449,104.205726,35.926072,0.0,0.0,14783.7,1.0,1,612042023200085,"{""1"":147837,""3"":0,""37"":0,""48"":80,""49"":28,""224"":""AC8="",""225"":147837,""226"":0,""227"":281474976710656,""228"":0,""229"":0,""230"":0,""231"":0}",0.0,1879358279721201665,18.04173318299407,0.0,0.2777777777777778
1764211385000,2025-11-27 10:43:05.000,104.214792,35.93202,104.20819164238392,35.926270038082826,104.205513,35.926483,0.0,0.0,17726.1,1.0,1,612042023200080,"{""1"":177261,""3"":0,""37"":0,""48"":80,""49"":34,""224"":""AC8="",""225"":177261,""226"":0,""227"":281474976710656,""228"":0,""229"":0,""230"":0,""231"":0}",0.0,1879364340897329154,25.873201962695365,0.0,0.5555555555555556
1764211386000,2025-11-27 10:43:06.000,104.21491,35.931756,104.20830945692995,35.9260078009324,104.205618,35.926219,0.0,339.0,17735.8,1.0,1,612042023200066,"{""1"":177358,""3"":0,""37"":16,""48"":80,""49"":33,""224"":""AC8="",""225"":177358,""226"":0,""227"":282574488338432,""228"":0,""229"":1639,""230"":0,""231"":0}",0.0,1879347316192227330,31.029180144247984,0.0,0.5555555555555556
1764211386000,2025-11-27 10:43:06.000,104.214674,35.932233,104.2080738255272,35.926482263081986,104.205415,35.926692,0.0,0.0,20212.8,1.0,1,612042023200098,"{""1"":202128,""3"":0,""37"":0,""48"":80,""49"":20,""224"":""AC8="",""225"":202128,""226"":0,""227"":281474976710656,""228"":0,""229"":0,""230"":0,""231"":0}",0.0,1879353494011949057,0.0,0.0,0.5555555555555556
1764211386000,2025-11-27 10:43:06.000,104.21499,35.931606,104.20838833445588,35.92585864891449,104.205726,35.926072,0.0,0.0,14783.7,1.0,1,612042023200085,"{""1"":147837,""3"":0,""37"":0,""48"":80,""49"":28,""224"":""AC8="",""225"":147837,""226"":0,""227"":281474976710656,""228"":0,""229"":0,""230"":0,""231"":0}",0.0,1879358279721201665,18.04173318299407,0.0,-0.2777777777777778
1764211386000,2025-11-27 10:43:06.000,104.214792,35.93202,104.20819164238392,35.926270038082826,104.205513,35.926483,0.0,0.0,17726.1,1.0,1,612042023200080,"{""1"":177261,""3"":0,""37"":0,""48"":80,""49"":34,""224"":""AC8="",""225"":177261,""226"":0,""227"":281474976710656,""228"":0,""229"":0,""230"":0,""231"":0}",0.0,1879364340897329154,25.873201962695365,0.0,0.0
1764211387000,2025-11-27 10:43:07.000,104.21491,35.931756,104.20830945692995,35.9260078009324,104.205618,35.926219,0.0,339.0,17735.8,1.0,1,612042023200066,"{""1"":177358,""3"":0,""37"":16,""48"":80,""49"":33,""224"":""AC8="",""225"":177358,""226"":0,""227"":282574488338432,""228"":0,""229"":1639,""230"":0,""231"":0}",0.0,1879347316192227330,31.029180144247984,0.0,0.5555555555555556
1764211387000,2025-11-27 10:43:07.000,104.214676,35.932232,104.20807582256154,35.92648125991164,104.205416,35.926691,1.0,0.0,20212.8,1.0,1,612042023200098,"{""1"":202128,""3"":0,""37"":0,""48"":80,""49"":21,""224"":""AC8="",""225"":202128,""226"":0,""227"":281474976710656,""228"":0,""229"":0,""230"":0,""231"":0}",0.212,1879353494011949057,0.0,0.0,0.8333333333333333
1764211387000,2025-11-27 10:43:07.000,104.21499,35.931606,104.20838833445588,35.92585864891449,104.205726,35.926072,0.0,0.0,14783.7,1.0,1,612042023200085,"{""1"":147837,""3"":0,""37"":0,""48"":80,""49"":28,""224"":""AC8="",""225"":147837,""226"":0,""227"":281474976710656,""228"":0,""229"":0,""230"":0,""231"":0}",0.0,1879358279721201665,18.04173318299407,0.0,-0.2777777777777778
1764211387000,2025-11-27 10:43:07.000,104.214792,35.93202,104.20819164238392,35.926270038082826,104.205512,35.926483,0.0,0.0,17726.1,1.0,1,612042023200080,"{""1"":177261,""3"":0,""37"":0,""48"":80,""49"":34,""224"":""AC8="",""225"":177261,""226"":0,""227"":281474976710656,""228"":0,""229"":0,""230"":0,""231"":0}",0.0,1879364340897329154,25.698005412968236,0.0,0.8333333333333333
1764211388000,2025-11-27 10:43:08.000,104.21491,35.931756,104.20830945692995,35.9260078009324,104.205618,35.926219,0.0,339.0,17735.8,1.0,1,612042023200066,"{""1"":177358,""3"":0,""37"":16,""48"":80,""49"":33,""224"":""AC8="",""225"":177358,""226"":0,""227"":282574488338432,""228"":0,""229"":1639,""230"":0,""231"":0}",0.0,1879347316192227330,31.029180144247984,0.0,0.0
1764211388000,2025-11-27 10:43:08.000,104.214676,35.932232,104.20807582256154,35.92648125991164,104.205416,35.926692,0.0,0.0,20212.8,1.0,1,612042023200098,"{""1"":202128,""3"":0,""37"":0,""48"":80,""49"":20,""224"":""AC8="",""225"":202128,""226"":0,""227"":281474976710656,""228"":0,""229"":0,""230"":0,""231"":0}",0.0,1879353494011949057,0.0,0.0,0.2777777777777778
1764211388000,2025-11-27 10:43:08.000,104.21499,35.931606,104.20838833445588,35.92585864891449,104.205726,35.926072,0.0,0.0,14783.7,1.0,1,612042023200085,"{""1"":147837,""3"":0,""37"":0,""48"":80,""49"":29,""224"":""AC8="",""225"":147837,""226"":0,""227"":281474976710656,""228"":0,""229"":0,""230"":0,""231"":0}",0.0,1879358279721201665,18.04173318299407,0.0,0.5555555555555556
1764211388000,2025-11-27 10:43:08.000,104.214792,35.93202,104.20819164238392,35.926270038082826,104.205512,35.926483,0.0,0.0,17726.1,1.0,1,612042023200080,"{""1"":177261,""3"":0,""37"":0,""48"":80,""49"":34,""224"":""AC8="",""225"":177261,""226"":0,""227"":281474976710656,""228"":0,""229"":0,""230"":0,""231"":0}",0.0,1879364340897329154,25.698005412968236,0.0,0.2777777777777778
1764211389000,2025-11-27 10:43:09.000,104.21491,35.931756,104.20830945692995,35.9260078009324,104.205618,35.926219,0.0,339.0,17735.8,1.0,1,612042023200066,"{""1"":177358,""3"":0,""37"":16,""48"":80,""49"":34,""224"":""AC8="",""225"":177358,""226"":0,""227"":282574488338432,""228"":0,""229"":1639,""230"":0,""231"":0}",0.0,1879347316192227330,31.029180144247984,0.0,0.2777777777777778
1764211389000,2025-11-27 10:43:09.000,104.214676,35.932232,104.20807582256154,35.92648125991164,104.205416,35.926693,0.0,0.0,20212.8,1.0,1,612042023200098,"{""1"":202128,""3"":0,""37"":0,""48"":80,""49"":21,""224"":""AC8="",""225"":202128,""226"":0,""227"":281474976710656,""228"":0,""229"":0,""230"":0,""231"":0}",0.0,1879353494011949057,0.0,0.0,0.0
1764211389000,2025-11-27 10:43:09.000,104.21499,35.931606,104.20838833445588,35.92585864891449,104.205726,35.926072,0.0,0.0,14783.7,1.0,1,612042023200085,"{""1"":147837,""3"":0,""37"":0,""48"":80,""49"":29,""224"":""AC8="",""225"":147837,""226"":0,""227"":281474976710656,""228"":0,""229"":0,""230"":0,""231"":0}",0.0,1879358279721201665,18.04173318299407,0.0,0.8333333333333333
1764211389000,2025-11-27 10:43:09.000,104.214792,35.93202,104.20819164238392,35.926270038082826,104.205512,35.926483,0.0,0.0,17726.1,1.0,1,612042023200080,"{""1"":177261,""3"":0,""37"":0,""48"":80,""49"":34,""224"":""AC8="",""225"":177261,""226"":0,""227"":281474976710656,""228"":0,""229"":0,""230"":0,""231"":0}",0.0,1879364340897329154,25.698005412968236,0.0,0.0
1764211390000,2025-11-27 10:43:10.000,104.21491,35.931756,104.20830945692995,35.9260078009324,104.205618,35.926219,0.0,339.0,17735.8,1.0,1,612042023200066,"{""1"":177358,""3"":0,""37"":16,""48"":80,""49"":34,""224"":""AC8="",""225"":177358,""226"":0,""227"":282574488338432,""228"":0,""229"":1639,""230"":0,""231"":0}",0.0,1879347316192227330,31.029180144247984,0.0,0.2777777777777778
1764211390000,2025-11-27 10:43:10.000,104.214675,35.932234,104.20807482412653,35.926483261870345,104.205415,35.926693,1.0,0.0,20212.8,1.0,1,612042023200098,"{""1"":202128,""3"":0,""37"":0,""48"":80,""49"":21,""224"":""AC8="",""225"":202128,""226"":0,""227"":281474976710656,""228"":0,""229"":0,""230"":0,""231"":0}",0.24,1879353494011949057,0.0,0.0,0.0
1764211390000,2025-11-27 10:43:10.000,104.21499,35.931606,104.20838833445588,35.92585864891449,104.205726,35.926072,0.0,0.0,14783.7,1.0,1,612042023200085,"{""1"":147837,""3"":0,""37"":0,""48"":80,""49"":29,""224"":""AC8="",""225"":147837,""226"":0,""227"":281474976710656,""228"":0,""229"":0,""230"":0,""231"":0}",0.0,1879358279721201665,18.04173318299407,0.0,0.2777777777777778
1764211390000,2025-11-27 10:43:10.000,104.214792,35.93202,104.20819164238392,35.926270038082826,104.205513,35.926483,0.0,0.0,17726.1,1.0,1,612042023200080,"{""1"":177261,""3"":0,""37"":0,""48"":80,""49"":34,""224"":""AC8="",""225"":177261,""226"":0,""227"":281474976710656,""228"":0,""229"":0,""230"":0,""231"":0}",0.0,1879364340897329154,25.937943462181902,0.0,0.5555555555555556
1764211391000,2025-11-27 10:43:11.000,104.21491,35.931756,104.20830945692995,35.9260078009324,104.205618,35.926219,0.0,339.0,17735.8,1.0,1,612042023200066,"{""1"":177358,""3"":0,""37"":16,""48"":80,""49"":34,""224"":""AC8="",""225"":177358,""226"":0,""227"":282574488338432,""228"":0,""229"":1639,""230"":0,""231"":0}",0.0,1879347316192227330,31.029180144247984,0.0,0.2777777777777778
1764211391000,2025-11-27 10:43:11.000,104.214674,35.932234,104.20807382558196,35.926483263331015,104.205414,35.926693,1.0,0.0,20212.8,1.0,1,612042023200098,"{""1"":202128,""3"":0,""37"":0,""48"":80,""49"":20,""224"":""AC8="",""225"":202128,""226"":0,""227"":281474976710656,""228"":0,""229"":0,""230"":0,""231"":0}",0.09,1879353494011949057,0.0,0.0,0.0
1764211391000,2025-11-27 10:43:11.000,104.21499,35.931606,104.20838833445588,35.92585864891449,104.205726,35.926073,0.0,0.0,14783.7,1.0,1,612042023200085,"{""1"":147837,""3"":0,""37"":0,""48"":80,""49"":29,""224"":""AC8="",""225"":147837,""226"":0,""227"":281474976710656,""228"":0,""229"":0,""230"":0,""231"":0}",0.0,1879358279721201665,18.04173318299407,0.0,0.2777777777777778
1764211391000,2025-11-27 10:43:11.000,104.214792,35.93202,104.20819164238392,35.926270038082826,104.205512,35.926483,0.0,0.0,17726.1,1.0,1,612042023200080,"{""1"":177261,""3"":0,""37"":0,""48"":80,""49"":34,""224"":""AC8="",""225"":177261,""226"":0,""227"":281474976710656,""228"":0,""229"":0,""230"":0,""231"":0}",0.0,1879364340897329154,25.974683505525192,0.0,0.2777777777777778
1764211392000,2025-11-27 10:43:12.000,104.21491,35.931756,104.20830945692995,35.9260078009324,104.205618,35.926219,0.0,339.0,17735.8,1.0,1,612042023200066,"{""1"":177358,""3"":0,""37"":16,""48"":80,""49"":34,""224"":""AC8="",""225"":177358,""226"":0,""227"":282574488338432,""228"":0,""229"":1639,""230"":0,""231"":0}",0.0,1879347316192227330,31.029180144247984,0.0,0.0
1764211392000,2025-11-27 10:43:12.000,104.214674,35.932234,104.20807382558196,35.926483263331015,104.205414,35.926693,1.0,0.0,20212.8,1.0,1,612042023200098,"{""1"":202128,""3"":0,""37"":0,""48"":80,""49"":21,""224"":""AC8="",""225"":202128,""226"":0,""227"":281474976710656,""228"":0,""229"":0,""230"":0,""231"":0}",0.0,1879353494011949057,0.0,0.0,0.0
1764211392000,2025-11-27 10:43:12.000,104.21499,35.931606,104.20838833445588,35.92585864891449,104.205726,35.926073,0.0,0.0,14783.7,1.0,1,612042023200085,"{""1"":147837,""3"":0,""37"":0,""48"":80,""49"":29,""224"":""AC8="",""225"":147837,""226"":0,""227"":281474976710656,""228"":0,""229"":0,""230"":0,""231"":0}",0.0,1879358279721201665,18.04173318299407,0.0,0.0
1764211392000,2025-11-27 10:43:12.000,104.214792,35.93202,104.20819164238392,35.926270038082826,104.205513,35.926483,0.0,0.0,17726.1,1.0,1,612042023200080,"{""1"":177261,""3"":0,""37"":0,""48"":80,""49"":34,""224"":""AC8="",""225"":177261,""226"":0,""227"":281474976710656,""228"":0,""229"":0,""230"":0,""231"":0}",0.0,1879364340897329154,25.974683505525192,0.0,0.2777777777777778
1764211393000,2025-11-27 10:43:13.000,104.21491,35.931756,104.20830945692995,35.9260078009324,104.205618,35.926219,0.0,339.0,17735.8,1.0,1,612042023200066,"{""1"":177358,""3"":0,""37"":16,""48"":80,""49"":34,""224"":""AC8="",""225"":177358,""226"":0,""227"":282574488338432,""228"":0,""229"":1639,""230"":0,""231"":0}",0.0,1879347316192227330,31.029180144247984,0.0,0.0
1764211393000,2025-11-27 10:43:13.000,104.214674,35.932234,104.20807382558196,35.926483263331015,104.205415,35.926693,0.0,0.0,20212.8,1.0,1,612042023200098,"{""1"":202128,""3"":0,""37"":0,""48"":80,""49"":20,""224"":""AC8="",""225"":202128,""226"":0,""227"":281474976710656,""228"":0,""229"":0,""230"":0,""231"":0}",0.0,1879353494011949057,0.0,0.0,0.0
1764211393000,2025-11-27 10:43:13.000,104.21499,35.931606,104.20838833445588,35.92585864891449,104.205726,35.926073,0.0,0.0,14783.7,1.0,1,612042023200085,"{""1"":147837,""3"":0,""37"":0,""48"":80,""49"":29,""224"":""AC8="",""225"":147837,""226"":0,""227"":281474976710656,""228"":0,""229"":0,""230"":0,""231"":0}",0.0,1879358279721201665,18.04173318299407,0.0,0.0
1764211393000,2025-11-27 10:43:13.000,104.214792,35.93202,104.20819164238392,35.926270038082826,104.205512,35.926483,0.0,0.0,17726.1,1.0,1,612042023200080,"{""1"":177261,""3"":0,""37"":0,""48"":80,""49"":34,""224"":""AC8="",""225"":177261,""226"":0,""227"":281474976710656,""228"":0,""229"":0,""230"":0,""231"":0}",0.0,1879364340897329154,25.974683505525192,0.0,0.5555555555555556
1764211394000,2025-11-27 10:43:14.000,104.21491,35.931756,104.20830945692995,35.9260078009324,104.205618,35.926219,0.0,339.0,17735.8,1.0,1,612042023200066,"{""1"":177358,""3"":0,""37"":16,""48"":80,""49"":33,""224"":""AC8="",""225"":177358,""226"":0,""227"":282574488338432,""228"":0,""229"":1639,""230"":0,""231"":0}",0.0,1879347316192227330,31.029180144247984,0.0,-0.2777777777777778
1764211394000,2025-11-27 10:43:14.000,104.214674,35.932234,104.20807382558196,35.926483263331015,104.205414,35.926693,0.0,0.0,20212.8,1.0,1,612042023200098,"{""1"":202128,""3"":0,""37"":0,""48"":80,""49"":20,""224"":""AC8="",""225"":202128,""226"":0,""227"":281474976710656,""228"":0,""229"":0,""230"":0,""231"":0}",0.0,1879353494011949057,0.0,0.0,-0.2777777777777778
1764211394000,2025-11-27 10:43:14.000,104.21499,35.931606,104.20838833445588,35.92585864891449,104.205726,35.926073,0.0,0.0,14783.7,1.0,1,612042023200085,"{""1"":147837,""3"":0,""37"":0,""48"":80,""49"":29,""224"":""AC8="",""225"":147837,""226"":0,""227"":281474976710656,""228"":0,""229"":0,""230"":0,""231"":0}",0.0,1879358279721201665,18.04173318299407,0.0,0.5555555555555556
1764211394000,2025-11-27 10:43:14.000,104.214792,35.93202,104.20819164238392,35.926270038082826,104.205512,35.926483,0.0,0.0,17726.1,1.0,1,612042023200080,"{""1"":177261,""3"":0,""37"":0,""48"":80,""49"":34,""224"":""AC8="",""225"":177261,""226"":0,""227"":281474976710656,""228"":0,""229"":0,""230"":0,""231"":0}",0.0,1879364340897329154,25.974683505525192,0.0,0.2777777777777778
1764211395000,2025-11-27 10:43:15.000,104.21491,35.931756,104.20830945692995,35.9260078009324,104.205618,35.926219,0.0,339.0,17735.8,1.0,1,612042023200066,"{""1"":177358,""3"":0,""37"":16,""48"":80,""49"":33,""224"":""AC8="",""225"":177358,""226"":0,""227"":282574488338432,""228"":0,""229"":1639,""230"":0,""231"":0}",0.0,1879347316192227330,31.029180144247984,0.0,-0.2777777777777778
1764211395000,2025-11-27 10:43:15.000,104.214674,35.932233,104.2080738255272,35.926482263081986,104.205414,35.926692,1.0,0.0,20212.8,1.0,1,612042023200098,"{""1"":202128,""3"":0,""37"":0,""48"":80,""49"":20,""224"":""AC8="",""225"":202128,""226"":0,""227"":281474976710656,""228"":0,""229"":0,""230"":0,""231"":0}",0.111,1879353494011949057,0.0,0.0,0.5555555555555556
1764211395000,2025-11-27 10:43:15.000,104.21499,35.931606,104.20838833445588,35.92585864891449,104.205727,35.926073,0.0,0.0,14783.7,1.0,1,612042023200085,"{""1"":147837,""3"":0,""37"":0,""48"":80,""49"":29,""224"":""AC8="",""225"":147837,""226"":0,""227"":281474976710656,""228"":0,""229"":0,""230"":0,""231"":0}",0.0,1879358279721201665,18.04173318299407,0.0,0.0
1764211395000,2025-11-27 10:43:15.000,104.214792,35.93202,104.20819164238392,35.926270038082826,104.205513,35.926483,0.0,0.0,17726.1,1.0,1,612042023200080,"{""1"":177261,""3"":0,""37"":0,""48"":80,""49"":34,""224"":""AC8="",""225"":177261,""226"":0,""227"":281474976710656,""228"":0,""229"":0,""230"":0,""231"":0}",0.0,1879364340897329154,25.873201962695365,0.0,0.0
1764211396000,2025-11-27 10:43:16.000,104.21491,35.931756,104.20830945692995,35.9260078009324,104.205618,35.926219,0.0,339.0,17735.8,1.0,1,612042023200066,"{""1"":177358,""3"":0,""37"":16,""48"":80,""49"":34,""224"":""AC8="",""225"":177358,""226"":0,""227"":282574488338432,""228"":0,""229"":1639,""230"":0,""231"":0}",0.0,1879347316192227330,31.029180144247984,0.0,0.0
1764211396000,2025-11-27 10:43:16.000,104.214674,35.932233,104.2080738255272,35.926482263081986,104.205414,35.926692,1.0,0.0,20212.8,1.0,1,612042023200098,"{""1"":202128,""3"":0,""37"":0,""48"":80,""49"":20,""224"":""AC8="",""225"":202128,""226"":0,""227"":281474976710656,""228"":0,""229"":0,""230"":0,""231"":0}",0.0,1879353494011949057,0.0,0.0,0.0
1764211396000,2025-11-27 10:43:16.000,104.21499,35.931606,104.20838833445588,35.92585864891449,104.205727,35.926073,0.0,0.0,14783.7,1.0,1,612042023200085,"{""1"":147837,""3"":0,""37"":0,""48"":80,""49"":29,""224"":""AC8="",""225"":147837,""226"":0,""227"":281474976710656,""228"":0,""229"":0,""230"":0,""231"":0}",0.0,1879358279721201665,18.04173318299407,0.0,0.0
1764211396000,2025-11-27 10:43:16.000,104.214792,35.93202,104.20819164238392,35.926270038082826,104.205512,35.926483,0.0,0.0,17726.1,1.0,1,612042023200080,"{""1"":177261,""3"":0,""37"":0,""48"":80,""49"":34,""224"":""AC8="",""225"":177261,""226"":0,""227"":281474976710656,""228"":0,""229"":0,""230"":0,""231"":0}",0.0,1879364340897329154,25.873201962695365,0.0,0.0
1764211397000,2025-11-27 10:43:17.000,104.21491,35.931756,104.20830945692995,35.9260078009324,104.205618,35.926219,0.0,339.0,17735.8,1.0,1,612042023200066,"{""1"":177358,""3"":0,""37"":16,""48"":80,""49"":34,""224"":""AC8="",""225"":177358,""226"":0,""227"":282574488338432,""228"":0,""229"":1639,""230"":0,""231"":0}",0.0,1879347316192227330,31.029180144247984,0.0,0.0
1764211397000,2025-11-27 10:43:17.000,104.214674,35.932234,104.20807382558196,35.926483263331015,104.205414,35.926693,1.0,0.0,20212.8,1.0,1,612042023200098,"{""1"":202128,""3"":0,""37"":0,""48"":80,""49"":21,""224"":""AC8="",""225"":202128,""226"":0,""227"":281474976710656,""228"":0,""229"":0,""230"":0,""231"":0}",0.111,1879353494011949057,0.0,0.0,0.0
1764211397000,2025-11-27 10:43:17.000,104.21499,35.931606,104.20838833445588,35.92585864891449,104.205727,35.926073,0.0,0.0,14783.7,1.0,1,612042023200085,"{""1"":147837,""3"":0,""37"":0,""48"":80,""49"":29,""224"":""AC8="",""225"":147837,""226"":0,""227"":281474976710656,""228"":0,""229"":0,""230"":0,""231"":0}",0.0,1879358279721201665,18.04173318299407,0.0,0.0
1764211397000,2025-11-27 10:43:17.000,104.214792,35.93202,104.20819164238392,35.926270038082826,104.205512,35.926483,0.0,0.0,17726.1,1.0,1,612042023200080,"{""1"":177261,""3"":0,""37"":0,""48"":80,""49"":34,""224"":""AC8="",""225"":177261,""226"":0,""227"":281474976710656,""228"":0,""229"":0,""230"":0,""231"":0}",0.0,1879364340897329154,25.974683505525192,0.0,0.0
1764211398000,2025-11-27 10:43:18.000,104.21491,35.931756,104.20830945692995,35.9260078009324,104.205618,35.926218,0.0,339.0,17735.8,1.0,1,612042023200066,"{""1"":177358,""3"":0,""37"":16,""48"":80,""49"":34,""224"":""AC8="",""225"":177358,""226"":0,""227"":282574488338432,""228"":0,""229"":1639,""230"":0,""231"":0}",0.0,1879347316192227330,31.029180144247984,0.0,0.0
1764211398000,2025-11-27 10:43:18.000,104.214674,35.932234,104.20807382558196,35.926483263331015,104.205414,35.926692,0.0,0.0,20212.8,1.0,1,612042023200098,"{""1"":202128,""3"":0,""37"":0,""48"":80,""49"":21,""224"":""AC8="",""225"":202128,""226"":0,""227"":281474976710656,""228"":0,""229"":0,""230"":0,""231"":0}",0.0,1879353494011949057,0.0,0.0,0.0
1764211398000,2025-11-27 10:43:18.000,104.21499,35.931606,104.20838833445588,35.92585864891449,104.205727,35.926073,0.0,0.0,14783.7,1.0,1,612042023200085,"{""1"":147837,""3"":0,""37"":0,""48"":80,""49"":29,""224"":""AC8="",""225"":147837,""226"":0,""227"":281474976710656,""228"":0,""229"":0,""230"":0,""231"":0}",0.0,1879358279721201665,18.04173318299407,0.0,0.0
1764211398000,2025-11-27 10:43:18.000,104.214792,35.93202,104.20819164238392,35.926270038082826,104.205512,35.926483,0.0,0.0,17726.1,1.0,1,612042023200080,"{""1"":177261,""3"":0,""37"":0,""48"":80,""49"":34,""224"":""AC8="",""225"":177261,""226"":0,""227"":281474976710656,""228"":0,""229"":0,""230"":0,""231"":0}",0.0,1879364340897329154,25.974683505525192,0.0,0.0
1764211399000,2025-11-27 10:43:19.000,104.21491,35.931756,104.20830945692995,35.9260078009324,104.205618,35.926218,0.0,339.0,17735.8,1.0,1,612042023200066,"{""1"":177358,""3"":0,""37"":16,""48"":80,""49"":34,""224"":""AC8="",""225"":177358,""226"":0,""227"":282574488338432,""228"":0,""229"":1639,""230"":0,""231"":0}",0.0,1879347316192227330,31.029180144247984,0.0,0.0
1764211399000,2025-11-27 10:43:19.000,104.214674,35.932234,104.20807382558196,35.926483263331015,104.205415,35.926693,0.0,0.0,20212.8,1.0,1,612042023200098,"{""1"":202128,""3"":0,""37"":0,""48"":80,""49"":21,""224"":""AC8="",""225"":202128,""226"":0,""227"":281474976710656,""228"":0,""229"":0,""230"":0,""231"":0}",0.0,1879353494011949057,0.0,0.0,0.0
1764211399000,2025-11-27 10:43:19.000,104.21499,35.931606,104.20838833445588,35.92585864891449,104.205726,35.926073,0.0,0.0,14783.7,1.0,1,612042023200085,"{""1"":147837,""3"":0,""37"":0,""48"":80,""49"":29,""224"":""AC8="",""225"":147837,""226"":0,""227"":281474976710656,""228"":0,""229"":0,""230"":0,""231"":0}",0.0,1879358279721201665,18.04173318299407,0.0,0.0
1764211399000,2025-11-27 10:43:19.000,104.214792,35.93202,104.20819164238392,35.926270038082826,104.205512,35.926483,0.0,0.0,17726.1,1.0,1,612042023200080,"{""1"":177261,""3"":0,""37"":0,""48"":80,""49"":34,""224"":""AC8="",""225"":177261,""226"":0,""227"":281474976710656,""228"":0,""229"":0,""230"":0,""231"":0}",0.0,1879364340897329154,25.974683505525192,0.0,0.0
1764211400000,2025-11-27 10:43:20.000,104.21491,35.931756,104.20830945692995,35.9260078009324,104.205618,35.926218,0.0,339.0,17735.8,1.0,1,612042023200066,"{""1"":177358,""3"":0,""37"":16,""48"":80,""49"":34,""224"":""AC8="",""225"":177358,""226"":0,""227"":282574488338432,""228"":0,""229"":1639,""230"":0,""231"":0}",0.0,1879347316192227330,31.029180144247984,0.0,0.0
1764211400000,2025-11-27 10:43:20.000,104.214674,35.932234,104.20807382558196,35.926483263331015,104.205414,35.926693,1.0,0.0,20212.8,1.0,1,612042023200098,"{""1"":202128,""3"":0,""37"":0,""48"":80,""49"":21,""224"":""AC8="",""225"":202128,""226"":0,""227"":281474976710656,""228"":0,""229"":0,""230"":0,""231"":0}",0.0,1879353494011949057,0.0,0.0,0.0
1764211400000,2025-11-27 10:43:20.000,104.21499,35.931606,104.20838833445588,35.92585864891449,104.205727,35.926073,0.0,0.0,14783.7,1.0,1,612042023200085,"{""1"":147837,""3"":0,""37"":0,""48"":80,""49"":29,""224"":""AC8="",""225"":147837,""226"":0,""227"":281474976710656,""228"":0,""229"":0,""230"":0,""231"":0}",0.0,1879358279721201665,18.04173318299407,0.0,0.0
1764211400000,2025-11-27 10:43:20.000,104.214792,35.93202,104.20819164238392,35.926270038082826,104.205512,35.926483,0.0,0.0,17726.1,1.0,1,612042023200080,"{""1"":177261,""3"":0,""37"":0,""48"":80,""49"":34,""224"":""AC8="",""225"":177261,""226"":0,""227"":281474976710656,""228"":0,""229"":0,""230"":0,""231"":0}",0.0,1879364340897329154,25.974683505525192,0.0,0.0
1764211401000,2025-11-27 10:43:21.000,104.21491,35.931756,104.20830945692995,35.9260078009324,104.205618,35.926218,0.0,339.0,17735.8,1.0,1,612042023200066,"{""1"":177358,""3"":0,""37"":16,""48"":80,""49"":34,""224"":""AC8="",""225"":177358,""226"":0,""227"":282574488338432,""228"":0,""229"":1639,""230"":0,""231"":0}",0.0,1879347316192227330,31.029180144247984,0.0,0.0
1764211401000,2025-11-27 10:43:21.000,104.214675,35.932234,104.20807482412653,35.926483261870345,104.205415,35.926693,1.0,0.0,20212.8,1.0,1,612042023200098,"{""1"":202128,""3"":0,""37"":0,""48"":80,""49"":21,""224"":""AC8="",""225"":202128,""226"":0,""227"":281474976710656,""228"":0,""229"":0,""230"":0,""231"":0}",0.09,1879353494011949057,0.0,0.0,0.0
1764211401000,2025-11-27 10:43:21.000,104.21499,35.931606,104.20838833445588,35.92585864891449,104.205727,35.926073,0.0,0.0,14783.7,1.0,1,612042023200085,"{""1"":147837,""3"":0,""37"":0,""48"":80,""49"":29,""224"":""AC8="",""225"":147837,""226"":0,""227"":281474976710656,""228"":0,""229"":0,""230"":0,""231"":0}",0.0,1879358279721201665,18.04173318299407,0.0,0.0
1764211401000,2025-11-27 10:43:21.000,104.214792,35.93202,104.20819164238392,35.926270038082826,104.205512,35.926483,0.0,0.0,17726.1,1.0,1,612042023200080,"{""1"":177261,""3"":0,""37"":0,""48"":80,""49"":34,""224"":""AC8="",""225"":177261,""226"":0,""227"":281474976710656,""228"":0,""229"":0,""230"":0,""231"":0}",0.0,1879364340897329154,25.937943462181902,0.0,0.0
1764211402000,2025-11-27 10:43:22.000,104.21491,35.931756,104.20830945692995,35.9260078009324,104.205618,35.926218,0.0,339.0,17735.8,1.0,1,612042023200066,"{""1"":177358,""3"":0,""37"":16,""48"":80,""49"":34,""224"":""AC8="",""225"":177358,""226"":0,""227"":282574488338432,""228"":0,""229"":1639,""230"":0,""231"":0}",0.0,1879347316192227330,31.029180144247984,0.0,0.0
1764211402000,2025-11-27 10:43:22.000,104.214675,35.932234,104.20807482412653,35.926483261870345,104.205414,35.926693,0.0,0.0,20212.8,1.0,1,612042023200098,"{""1"":202128,""3"":0,""37"":0,""48"":80,""49"":21,""224"":""AC8="",""225"":202128,""226"":0,""227"":281474976710656,""228"":0,""229"":0,""230"":0,""231"":0}",0.0,1879353494011949057,0.0,0.0,0.0
1764211402000,2025-11-27 10:43:22.000,104.21499,35.931606,104.20838833445588,35.92585864891449,104.205727,35.926073,0.0,0.0,14783.7,1.0,1,612042023200085,"{""1"":147837,""3"":0,""37"":0,""48"":80,""49"":29,""224"":""AC8="",""225"":147837,""226"":0,""227"":281474976710656,""228"":0,""229"":0,""230"":0,""231"":0}",0.0,1879358279721201665,18.04173318299407,0.0,0.0
1764211402000,2025-11-27 10:43:22.000,104.214792,35.93202,104.20819164238392,35.926270038082826,104.205513,35.926483,0.0,0.0,17726.1,1.0,1,612042023200080,"{""1"":177261,""3"":0,""37"":0,""48"":80,""49"":34,""224"":""AC8="",""225"":177261,""226"":0,""227"":281474976710656,""228"":0,""229"":0,""230"":0,""231"":0}",0.0,1879364340897329154,25.937943462181902,0.0,0.0
1764211403000,2025-11-27 10:43:23.000,104.21491,35.931756,104.20830945692995,35.9260078009324,104.205618,35.926218,0.0,339.0,17735.8,1.0,1,612042023200066,"{""1"":177358,""3"":0,""37"":16,""48"":80,""49"":34,""224"":""AC8="",""225"":177358,""226"":0,""227"":282574488338432,""228"":0,""229"":1639,""230"":0,""231"":0}",0.0,1879347316192227330,31.029180144247984,0.0,0.0
1764211403000,2025-11-27 10:43:23.000,104.214674,35.932235,104.20807382563672,35.92648426358004,104.205414,35.926694,1.0,0.0,20212.8,1.0,1,612042023200098,"{""1"":202128,""3"":0,""37"":0,""48"":80,""49"":21,""224"":""AC8="",""225"":202128,""226"":0,""227"":281474976710656,""228"":0,""229"":0,""230"":0,""231"":0}",0.143,1879353494011949057,0.0,0.0,0.0
1764211403000,2025-11-27 10:43:23.000,104.21499,35.931606,104.20838833445588,35.92585864891449,104.205727,35.926073,0.0,0.0,14783.7,1.0,1,612042023200085,"{""1"":147837,""3"":0,""37"":0,""48"":80,""49"":29,""224"":""AC8="",""225"":147837,""226"":0,""227"":281474976710656,""228"":0,""229"":0,""230"":0,""231"":0}",0.0,1879358279721201665,18.04173318299407,0.0,0.0
1764211403000,2025-11-27 10:43:23.000,104.214792,35.93202,104.20819164238392,35.926270038082826,104.205513,35.926483,0.0,0.0,17726.1,1.0,1,612042023200080,"{""1"":177261,""3"":0,""37"":0,""48"":80,""49"":34,""224"":""AC8="",""225"":177261,""226"":0,""227"":281474976710656,""228"":0,""229"":0,""230"":0,""231"":0}",0.0,1879364340897329154,26.076244507029806,0.0,0.0
1764211404000,2025-11-27 10:43:24.000,104.21491,35.931756,104.20830945692995,35.9260078009324,104.205618,35.926218,0.0,339.0,17735.8,1.0,1,612042023200066,"{""1"":177358,""3"":0,""37"":16,""48"":80,""49"":33,""224"":""AC8="",""225"":177358,""226"":0,""227"":282574488338432,""228"":0,""229"":1639,""230"":0,""231"":0}",0.0,1879347316192227330,31.029180144247984,0.0,0.0
1764211404000,2025-11-27 10:43:24.000,104.214674,35.932234,104.20807382558196,35.926483263331015,104.205414,35.926693,1.0,0.0,20212.8,1.0,1,612042023200098,"{""1"":202128,""3"":0,""37"":0,""48"":80,""49"":21,""224"":""AC8="",""225"":202128,""226"":0,""227"":281474976710656,""228"":0,""229"":0,""230"":0,""231"":0}",0.111,1879353494011949057,0.0,0.0,0.0
1764211404000,2025-11-27 10:43:24.000,104.21499,35.931606,104.20838833445588,35.92585864891449,104.205727,35.926073,0.0,0.0,14783.7,1.0,1,612042023200085,"{""1"":147837,""3"":0,""37"":0,""48"":80,""49"":29,""224"":""AC8="",""225"":147837,""226"":0,""227"":281474976710656,""228"":0,""229"":0,""230"":0,""231"":0}",0.0,1879358279721201665,18.04173318299407,0.0,0.0
1764211404000,2025-11-27 10:43:24.000,104.214792,35.93202,104.20819164238392,35.926270038082826,104.205513,35.926483,0.0,0.0,17726.1,1.0,1,612042023200080,"{""1"":177261,""3"":0,""37"":0,""48"":80,""49"":34,""224"":""AC8="",""225"":177261,""226"":0,""227"":281474976710656,""228"":0,""229"":0,""230"":0,""231"":0}",0.0,1879364340897329154,25.974683505525192,0.0,0.0
1764211405000,2025-11-27 10:43:25.000,104.21491,35.931756,104.20830945692995,35.9260078009324,104.205618,35.926218,0.0,339.0,17735.8,1.0,1,612042023200066,"{""1"":177358,""3"":0,""37"":16,""48"":80,""49"":33,""224"":""AC8="",""225"":177358,""226"":0,""227"":282574488338432,""228"":0,""229"":1639,""230"":0,""231"":0}",0.0,1879347316192227330,31.029180144247984,0.0,0.0
1764211405000,2025-11-27 10:43:25.000,104.214674,35.932234,104.20807382558196,35.926483263331015,104.205414,35.926693,0.0,0.0,20212.8,1.0,1,612042023200098,"{""1"":202128,""3"":0,""37"":0,""48"":80,""49"":21,""224"":""AC8="",""225"":202128,""226"":0,""227"":281474976710656,""228"":0,""229"":0,""230"":0,""231"":0}",0.0,1879353494011949057,0.0,0.0,0.0
1764211405000,2025-11-27 10:43:25.000,104.21499,35.931606,104.20838833445588,35.92585864891449,104.205727,35.926073,0.0,0.0,14783.7,1.0,1,612042023200085,"{""1"":147837,""3"":0,""37"":0,""48"":80,""49"":29,""224"":""AC8="",""225"":147837,""226"":0,""227"":281474976710656,""228"":0,""229"":0,""230"":0,""231"":0}",0.0,1879358279721201665,18.04173318299407,0.0,0.0
1764211405000,2025-11-27 10:43:25.000,104.214792,35.93202,104.20819164238392,35.926270038082826,104.205512,35.926483,0.0,0.0,17726.1,1.0,1,612042023200080,"{""1"":177261,""3"":0,""37"":0,""48"":80,""49"":34,""224"":""AC8="",""225"":177261,""226"":0,""227"":281474976710656,""228"":0,""229"":0,""230"":0,""231"":0}",0.0,1879364340897329154,25.974683505525192,0.0,0.0
1764211406000,2025-11-27 10:43:26.000,104.21491,35.931756,104.20830945692995,35.9260078009324,104.205618,35.926219,0.0,339.0,17735.8,1.0,1,612042023200066,"{""1"":177358,""3"":0,""37"":16,""48"":80,""49"":33,""224"":""AC8="",""225"":177358,""226"":0,""227"":282574488338432,""228"":0,""229"":1639,""230"":0,""231"":0}",0.0,1879347316192227330,31.029180144247984,0.0,0.0
1764211406000,2025-11-27 10:43:26.000,104.214674,35.932234,104.20807382558196,35.926483263331015,104.205415,35.926693,0.0,0.0,20212.8,1.0,1,612042023200098,"{""1"":202128,""3"":0,""37"":0,""48"":80,""49"":21,""224"":""AC8="",""225"":202128,""226"":0,""227"":281474976710656,""228"":0,""229"":0,""230"":0,""231"":0}",0.0,1879353494011949057,0.0,0.0,0.0
1764211406000,2025-11-27 10:43:26.000,104.21499,35.931606,104.20838833445588,35.92585864891449,104.205727,35.926073,0.0,0.0,14783.7,1.0,1,612042023200085,"{""1"":147837,""3"":0,""37"":0,""48"":80,""49"":29,""224"":""AC8="",""225"":147837,""226"":0,""227"":281474976710656,""228"":0,""229"":0,""230"":0,""231"":0}",0.0,1879358279721201665,18.04173318299407,0.0,0.0
1764211406000,2025-11-27 10:43:26.000,104.214792,35.93202,104.20819164238392,35.926270038082826,104.205512,35.926483,0.0,0.0,17726.1,1.0,1,612042023200080,"{""1"":177261,""3"":0,""37"":0,""48"":80,""49"":34,""224"":""AC8="",""225"":177261,""226"":0,""227"":281474976710656,""228"":0,""229"":0,""230"":0,""231"":0}",0.0,1879364340897329154,25.974683505525192,0.0,0.0
1764211407000,2025-11-27 10:43:27.000,104.21491,35.931756,104.20830945692995,35.9260078009324,104.205618,35.926219,0.0,339.0,17735.8,1.0,1,612042023200066,"{""1"":177358,""3"":0,""37"":16,""48"":80,""49"":33,""224"":""AC8="",""225"":177358,""226"":0,""227"":282574488338432,""228"":0,""229"":1639,""230"":0,""231"":0}",0.0,1879347316192227330,31.029180144247984,0.0,0.0
1764211407000,2025-11-27 10:43:27.000,104.214674,35.932234,104.20807382558196,35.926483263331015,104.205414,35.926693,1.0,0.0,20212.8,1.0,1,612042023200098,"{""1"":202128,""3"":0,""37"":0,""48"":80,""49"":21,""224"":""AC8="",""225"":202128,""226"":0,""227"":281474976710656,""228"":0,""229"":0,""230"":0,""231"":0}",0.0,1879353494011949057,0.0,0.0,0.0
1764211407000,2025-11-27 10:43:27.000,104.21499,35.931606,104.20838833445588,35.92585864891449,104.205727,35.926073,0.0,0.0,14783.7,1.0,1,612042023200085,"{""1"":147837,""3"":0,""37"":0,""48"":80,""49"":29,""224"":""AC8="",""225"":147837,""226"":0,""227"":281474976710656,""228"":0,""229"":0,""230"":0,""231"":0}",0.0,1879358279721201665,18.04173318299407,0.0,0.0
1764211407000,2025-11-27 10:43:27.000,104.214792,35.93202,104.20819164238392,35.926270038082826,104.205512,35.926483,0.0,0.0,17726.1,1.0,1,612042023200080,"{""1"":177261,""3"":0,""37"":0,""48"":80,""49"":34,""224"":""AC8="",""225"":177261,""226"":0,""227"":281474976710656,""228"":0,""229"":0,""230"":0,""231"":0}",0.0,1879364340897329154,25.974683505525192,0.0,0.0
1764211408000,2025-11-27 10:43:28.000,104.21491,35.931756,104.20830945692995,35.9260078009324,104.205617,35.926219,0.0,339.0,17735.8,1.0,1,612042023200066,"{""1"":177358,""3"":0,""37"":16,""48"":80,""49"":33,""224"":""AC8="",""225"":177358,""226"":0,""227"":282574488338432,""228"":0,""229"":1639,""230"":0,""231"":0}",0.0,1879347316192227330,31.029180144247984,0.0,0.0
1764211408000,2025-11-27 10:43:28.000,104.214674,35.932233,104.2080738255272,35.926482263081986,104.205414,35.926692,1.0,0.0,20212.8,1.0,1,612042023200098,"{""1"":202128,""3"":0,""37"":0,""48"":80,""49"":21,""224"":""AC8="",""225"":202128,""226"":0,""227"":281474976710656,""228"":0,""229"":0,""230"":0,""231"":0}",0.111,1879353494011949057,0.0,0.0,0.0
1764211408000,2025-11-27 10:43:28.000,104.21499,35.931606,104.20838833445588,35.92585864891449,104.205727,35.926073,0.0,0.0,14783.7,1.0,1,612042023200085,"{""1"":147837,""3"":0,""37"":0,""48"":80,""49"":29,""224"":""AC8="",""225"":147837,""226"":0,""227"":281474976710656,""228"":0,""229"":0,""230"":0,""231"":0}",0.0,1879358279721201665,18.04173318299407,0.0,0.0
1764211408000,2025-11-27 10:43:28.000,104.214792,35.93202,104.20819164238392,35.926270038082826,104.205512,35.926483,0.0,0.0,17726.1,1.0,1,612042023200080,"{""1"":177261,""3"":0,""37"":0,""48"":80,""49"":34,""224"":""AC8="",""225"":177261,""226"":0,""227"":281474976710656,""228"":0,""229"":0,""230"":0,""231"":0}",0.0,1879364340897329154,25.873201962695365,0.0,0.0
1764211409000,2025-11-27 10:43:29.000,104.21491,35.931756,104.20830945692995,35.9260078009324,104.205617,35.926219,0.0,339.0,17735.8,1.0,1,612042023200066,"{""1"":177358,""3"":0,""37"":16,""48"":80,""49"":33,""224"":""AC8="",""225"":177358,""226"":0,""227"":282574488338432,""228"":0,""229"":1639,""230"":0,""231"":0}",0.0,1879347316192227330,31.029180144247984,0.0,0.0
1764211409000,2025-11-27 10:43:29.000,104.214674,35.932233,104.2080738255272,35.926482263081986,104.205415,35.926692,0.0,0.0,20212.8,1.0,1,612042023200098,"{""1"":202128,""3"":0,""37"":0,""48"":80,""49"":21,""224"":""AC8="",""225"":202128,""226"":0,""227"":281474976710656,""228"":0,""229"":0,""230"":0,""231"":0}",0.0,1879353494011949057,0.0,0.0,0.0
1764211409000,2025-11-27 10:43:29.000,104.21499,35.931606,104.20838833445588,35.92585864891449,104.205727,35.926073,0.0,0.0,14783.7,1.0,1,612042023200085,"{""1"":147837,""3"":0,""37"":0,""48"":80,""49"":29,""224"":""AC8="",""225"":147837,""226"":0,""227"":281474976710656,""228"":0,""229"":0,""230"":0,""231"":0}",0.0,1879358279721201665,18.04173318299407,0.0,0.0
1764211409000,2025-11-27 10:43:29.000,104.214792,35.93202,104.20819164238392,35.926270038082826,104.205512,35.926483,0.0,0.0,17726.1,1.0,1,612042023200080,"{""1"":177261,""3"":0,""37"":0,""48"":80,""49"":35,""224"":""AC8="",""225"":177261,""226"":0,""227"":281474976710656,""228"":0,""229"":0,""230"":0,""231"":0}",0.0,1879364340897329154,25.873201962695365,0.0,0.0
1764211410000,2025-11-27 10:43:30.000,104.21491,35.931756,104.20830945692995,35.9260078009324,104.205617,35.926219,0.0,339.0,17735.8,1.0,1,612042023200066,"{""1"":177358,""3"":0,""37"":16,""48"":80,""49"":33,""224"":""AC8="",""225"":177358,""226"":0,""227"":282574488338432,""228"":0,""229"":1639,""230"":0,""231"":0}",0.0,1879347316192227330,31.029180144247984,0.0,0.0
1764211410000,2025-11-27 10:43:30.000,104.214675,35.932233,104.20807482407174,35.92648226162132,104.205415,35.926692,1.0,0.0,20212.8,1.0,1,612042023200098,"{""1"":202128,""3"":0,""37"":0,""48"":80,""49"":21,""224"":""AC8="",""225"":202128,""226"":0,""227"":281474976710656,""228"":0,""229"":0,""230"":0,""231"":0}",0.09,1879353494011949057,0.0,0.0,0.0
1764211410000,2025-11-27 10:43:30.000,104.21499,35.931606,104.20838833445588,35.92585864891449,104.205727,35.926073,0.0,0.0,14783.7,1.0,1,612042023200085,"{""1"":147837,""3"":0,""37"":0,""48"":80,""49"":29,""224"":""AC8="",""225"":147837,""226"":0,""227"":281474976710656,""228"":0,""229"":0,""230"":0,""231"":0}",0.0,1879358279721201665,18.04173318299407,0.0,0.0
1764211410000,2025-11-27 10:43:30.000,104.214792,35.93202,104.20819164238392,35.926270038082826,104.205512,35.926483,0.0,0.0,17726.1,1.0,1,612042023200080,"{""1"":177261,""3"":0,""37"":0,""48"":80,""49"":35,""224"":""AC8="",""225"":177261,""226"":0,""227"":281474976710656,""228"":0,""229"":0,""230"":0,""231"":0}",0.0,1879364340897329154,25.836318291951105,0.0,0.0
1764211411000,2025-11-27 10:43:31.000,104.21491,35.931756,104.20830945692995,35.9260078009324,104.205617,35.926219,0.0,339.0,17735.8,1.0,1,612042023200066,"{""1"":177358,""3"":0,""37"":16,""48"":80,""49"":33,""224"":""AC8="",""225"":177358,""226"":0,""227"":282574488338432,""228"":0,""229"":1639,""230"":0,""231"":0}",0.0,1879347316192227330,31.029180144247984,0.0,0.0
1764211411000,2025-11-27 10:43:31.000,104.214674,35.932233,104.2080738255272,35.926482263081986,104.205414,35.926692,1.0,0.0,20212.8,1.0,1,612042023200098,"{""1"":202128,""3"":0,""37"":0,""48"":80,""49"":21,""224"":""AC8="",""225"":202128,""226"":0,""227"":281474976710656,""228"":0,""229"":0,""230"":0,""231"":0}",0.09,1879353494011949057,0.0,0.0,0.0
1764211411000,2025-11-27 10:43:31.000,104.21499,35.931606,104.20838833445588,35.92585864891449,104.205727,35.926073,0.0,0.0,14783.7,1.0,1,612042023200085,"{""1"":147837,""3"":0,""37"":0,""48"":80,""49"":29,""224"":""AC8="",""225"":147837,""226"":0,""227"":281474976710656,""228"":0,""229"":0,""230"":0,""231"":0}",0.0,1879358279721201665,18.04173318299407,0.0,0.0
1764211411000,2025-11-27 10:43:31.000,104.214792,35.93202,104.20819164238392,35.926270038082826,104.205512,35.926483,0.0,0.0,17726.1,1.0,1,612042023200080,"{""1"":177261,""3"":0,""37"":0,""48"":80,""49"":35,""224"":""AC8="",""225"":177261,""226"":0,""227"":281474976710656,""228"":0,""229"":0,""230"":0,""231"":0}",0.0,1879364340897329154,25.873201962695365,0.0,0.0
1764211412000,2025-11-27 10:43:32.000,104.21491,35.931756,104.20830945692995,35.9260078009324,104.205617,35.926219,0.0,339.0,17735.8,1.0,1,612042023200066,"{""1"":177358,""3"":0,""37"":16,""48"":80,""49"":33,""224"":""AC8="",""225"":177358,""226"":0,""227"":282574488338432,""228"":0,""229"":1639,""230"":0,""231"":0}",0.0,1879347316192227330,31.029180144247984,0.0,0.0
1764211412000,2025-11-27 10:43:32.000,104.214673,35.932234,104.20807282703744,35.92648326479171,104.205413,35.926693,1.0,0.0,20212.8,1.0,1,612042023200098,"{""1"":202128,""3"":0,""37"":0,""48"":80,""49"":21,""224"":""AC8="",""225"":202128,""226"":0,""227"":281474976710656,""228"":0,""229"":0,""230"":0,""231"":0}",0.143,1879353494011949057,0.0,0.0,0.0
1764211412000,2025-11-27 10:43:32.000,104.21499,35.931606,104.20838833445588,35.92585864891449,104.205727,35.926073,0.0,0.0,14783.7,1.0,1,612042023200085,"{""1"":147837,""3"":0,""37"":0,""48"":80,""49"":29,""224"":""AC8="",""225"":147837,""226"":0,""227"":281474976710656,""228"":0,""229"":0,""230"":0,""231"":0}",0.0,1879358279721201665,18.04173318299407,0.0,0.0
1764211412000,2025-11-27 10:43:32.000,104.214792,35.93202,104.20819164238392,35.926270038082826,104.205513,35.926483,0.0,0.0,17726.1,1.0,1,612042023200080,"{""1"":177261,""3"":0,""37"":0,""48"":80,""49"":34,""224"":""AC8="",""225"":177261,""226"":0,""227"":281474976710656,""228"":0,""229"":0,""230"":0,""231"":0}",0.0,1879364340897329154,26.011682445259105,0.0,0.0
1764211413000,2025-11-27 10:43:33.000,104.21491,35.931756,104.20830945692995,35.9260078009324,104.205617,35.926219,0.0,339.0,17735.8,1.0,1,612042023200066,"{""1"":177358,""3"":0,""37"":16,""48"":80,""49"":33,""224"":""AC8="",""225"":177358,""226"":0,""227"":282574488338432,""228"":0,""229"":1639,""230"":0,""231"":0}",0.0,1879347316192227330,31.029180144247984,0.0,0.0
1764211413000,2025-11-27 10:43:33.000,104.214674,35.932235,104.20807382563672,35.92648426358004,104.205414,35.926694,1.0,0.0,20212.8,1.0,1,612042023200098,"{""1"":202128,""3"":0,""37"":0,""48"":80,""49"":21,""224"":""AC8="",""225"":202128,""226"":0,""227"":281474976710656,""228"":0,""229"":0,""230"":0,""231"":0}",0.143,1879353494011949057,0.0,0.0,0.0
1764211413000,2025-11-27 10:43:33.000,104.21499,35.931606,104.20838833445588,35.92585864891449,104.205727,35.926073,0.0,0.0,14783.7,1.0,1,612042023200085,"{""1"":147837,""3"":0,""37"":0,""48"":80,""49"":29,""224"":""AC8="",""225"":147837,""226"":0,""227"":281474976710656,""228"":0,""229"":0,""230"":0,""231"":0}",0.0,1879358279721201665,18.04173318299407,0.0,0.0
1764211413000,2025-11-27 10:43:33.000,104.214792,35.93202,104.20819164238392,35.926270038082826,104.205513,35.926483,0.0,0.0,17726.1,1.0,1,612042023200080,"{""1"":177261,""3"":0,""37"":0,""48"":80,""49"":34,""224"":""AC8="",""225"":177261,""226"":0,""227"":281474976710656,""228"":0,""229"":0,""230"":0,""231"":0}",0.0,1879364340897329154,26.076244507029806,0.0,0.0
1764211414000,2025-11-27 10:43:34.000,104.21491,35.931756,104.20830945692995,35.9260078009324,104.205616,35.926219,0.0,339.0,17735.8,1.0,1,612042023200066,"{""1"":177358,""3"":0,""37"":16,""48"":80,""49"":33,""224"":""AC8="",""225"":177358,""226"":0,""227"":282574488338432,""228"":0,""229"":1639,""230"":0,""231"":0}",0.0,1879347316192227330,31.029180144247984,0.0,0.0
1764211414000,2025-11-27 10:43:34.000,104.214675,35.932235,104.20807482418128,35.92648426211937,104.205415,35.926694,1.0,0.0,20212.8,1.0,1,612042023200098,"{""1"":202128,""3"":0,""37"":0,""48"":80,""49"":21,""224"":""AC8="",""225"":202128,""226"":0,""227"":281474976710656,""228"":0,""229"":0,""230"":0,""231"":0}",0.09,1879353494011949057,0.0,0.0,0.0
1764211414000,2025-11-27 10:43:34.000,104.21499,35.931606,104.20838833445588,35.92585864891449,104.205727,35.926073,0.0,0.0,14783.7,1.0,1,612042023200085,"{""1"":147837,""3"":0,""37"":0,""48"":80,""49"":29,""224"":""AC8="",""225"":147837,""226"":0,""227"":281474976710656,""228"":0,""229"":0,""230"":0,""231"":0}",0.0,1879358279721201665,18.04173318299407,0.0,0.0
1764211414000,2025-11-27 10:43:34.000,104.214792,35.93202,104.20819164238392,35.926270038082826,104.205513,35.926483,0.0,0.0,17726.1,1.0,1,612042023200080,"{""1"":177261,""3"":0,""37"":0,""48"":80,""49"":34,""224"":""AC8="",""225"":177261,""226"":0,""227"":281474976710656,""228"":0,""229"":0,""230"":0,""231"":0}",0.0,1879364340897329154,26.03964708226959,0.0,0.0
1764211415000,2025-11-27 10:43:35.000,104.21491,35.931756,104.20830945692995,35.9260078009324,104.205616,35.926219,0.0,339.0,17735.8,1.0,1,612042023200066,"{""1"":177358,""3"":0,""37"":16,""48"":80,""49"":33,""224"":""AC8="",""225"":177358,""226"":0,""227"":282574488338432,""228"":0,""229"":1639,""230"":0,""231"":0}",0.0,1879347316192227330,31.029180144247984,0.0,0.0
1764211415000,2025-11-27 10:43:35.000,104.214675,35.932235,104.20807482418128,35.92648426211937,104.205415,35.926693,0.0,0.0,20212.8,1.0,1,612042023200098,"{""1"":202128,""3"":0,""37"":0,""48"":80,""49"":21,""224"":""AC8="",""225"":202128,""226"":0,""227"":281474976710656,""228"":0,""229"":0,""230"":0,""231"":0}",0.0,1879353494011949057,0.0,0.0,0.0
1764211415000,2025-11-27 10:43:35.000,104.21499,35.931606,104.20838833445588,35.92585864891449,104.205727,35.926073,0.0,0.0,14783.7,1.0,1,612042023200085,"{""1"":147837,""3"":0,""37"":0,""48"":80,""49"":29,""224"":""AC8="",""225"":147837,""226"":0,""227"":281474976710656,""228"":0,""229"":0,""230"":0,""231"":0}",0.0,1879358279721201665,18.04173318299407,0.0,0.0
1764211415000,2025-11-27 10:43:35.000,104.214792,35.93202,104.20819164238392,35.926270038082826,104.205513,35.926483,0.0,0.0,17726.1,1.0,1,612042023200080,"{""1"":177261,""3"":0,""37"":0,""48"":80,""49"":34,""224"":""AC8="",""225"":177261,""226"":0,""227"":281474976710656,""228"":0,""229"":0,""230"":0,""231"":0}",0.0,1879364340897329154,26.03964708226959,0.0,0.0
1764211416000,2025-11-27 10:43:36.000,104.21491,35.931756,104.20830945692995,35.9260078009324,104.205616,35.926219,0.0,339.0,17735.8,1.0,1,612042023200066,"{""1"":177358,""3"":0,""37"":16,""48"":80,""49"":33,""224"":""AC8="",""225"":177358,""226"":0,""227"":282574488338432,""228"":0,""229"":1639,""230"":0,""231"":0}",0.0,1879347316192227330,31.029180144247984,0.0,0.0
1764211416000,2025-11-27 10:43:36.000,104.214673,35.932235,104.2080728270922,35.926484265040735,104.205413,35.926694,1.0,0.0,20212.8,1.0,1,612042023200098,"{""1"":202128,""3"":0,""37"":0,""48"":80,""49"":21,""224"":""AC8="",""225"":202128,""226"":0,""227"":281474976710656,""228"":0,""229"":0,""230"":0,""231"":0}",0.18,1879353494011949057,0.0,0.0,0.0
1764211416000,2025-11-27 10:43:36.000,104.21499,35.931606,104.20838833445588,35.92585864891449,104.205726,35.926073,0.0,0.0,14783.7,1.0,1,612042023200085,"{""1"":147837,""3"":0,""37"":0,""48"":80,""49"":29,""224"":""AC8="",""225"":147837,""226"":0,""227"":281474976710656,""228"":0,""229"":0,""230"":0,""231"":0}",0.0,1879358279721201665,18.04173318299407,0.0,0.0
1764211416000,2025-11-27 10:43:36.000,104.214792,35.93202,104.20819164238392,35.926270038082826,104.205513,35.926483,0.0,0.0,17726.1,1.0,1,612042023200080,"{""1"":177261,""3"":0,""37"":0,""48"":80,""49"":34,""224"":""AC8="",""225"":177261,""226"":0,""227"":281474976710656,""228"":0,""229"":0,""230"":0,""231"":0}",0.0,1879364340897329154,26.1131002217816,0.0,0.0
1764211417000,2025-11-27 10:43:37.000,104.21491,35.931756,104.20830945692995,35.9260078009324,104.205615,35.926219,0.0,339.0,17735.8,1.0,1,612042023200066,"{""1"":177358,""3"":0,""37"":16,""48"":80,""49"":34,""224"":""AC8="",""225"":177358,""226"":0,""227"":282574488338432,""228"":0,""229"":1639,""230"":0,""231"":0}",0.0,1879347316192227330,31.029180144247984,0.0,0.0
1764211417000,2025-11-27 10:43:37.000,104.214674,35.932234,104.20807382558196,35.926483263331015,104.205414,35.926693,1.0,0.0,20212.8,1.0,1,612042023200098,"{""1"":202128,""3"":0,""37"":0,""48"":80,""49"":21,""224"":""AC8="",""225"":202128,""226"":0,""227"":281474976710656,""228"":0,""229"":0,""230"":0,""231"":0}",0.143,1879353494011949057,0.0,0.0,0.0
1764211417000,2025-11-27 10:43:37.000,104.21499,35.931606,104.20838833445588,35.92585864891449,104.205726,35.926073,0.0,0.0,14783.7,1.0,1,612042023200085,"{""1"":147837,""3"":0,""37"":0,""48"":80,""49"":29,""224"":""AC8="",""225"":147837,""226"":0,""227"":281474976710656,""228"":0,""229"":0,""230"":0,""231"":0}",0.0,1879358279721201665,18.04173318299407,0.0,0.0
1764211417000,2025-11-27 10:43:37.000,104.214792,35.93202,104.20819164238392,35.926270038082826,104.205513,35.926483,0.0,0.0,17726.1,1.0,1,612042023200080,"{""1"":177261,""3"":0,""37"":0,""48"":80,""49"":34,""224"":""AC8="",""225"":177261,""226"":0,""227"":281474976710656,""228"":0,""229"":0,""230"":0,""231"":0}",0.0,1879364340897329154,25.974683505525192,0.0,0.0
1764211418000,2025-11-27 10:43:38.000,104.21491,35.931756,104.20830945692995,35.9260078009324,104.205615,35.926219,0.0,339.0,17735.8,1.0,1,612042023200066,"{""1"":177358,""3"":0,""37"":16,""48"":80,""49"":34,""224"":""AC8="",""225"":177358,""226"":0,""227"":282574488338432,""228"":0,""229"":1639,""230"":0,""231"":0}",0.0,1879347316192227330,31.029180144247984,0.0,0.0
1764211418000,2025-11-27 10:43:38.000,104.214674,35.932234,104.20807382558196,35.926483263331015,104.205414,35.926693,1.0,0.0,20212.8,1.0,1,612042023200098,"{""1"":202128,""3"":0,""37"":0,""48"":80,""49"":21,""224"":""AC8="",""225"":202128,""226"":0,""227"":281474976710656,""228"":0,""229"":0,""230"":0,""231"":0}",0.0,1879353494011949057,0.0,0.0,0.0
1764211418000,2025-11-27 10:43:38.000,104.21499,35.931606,104.20838833445588,35.92585864891449,104.205726,35.926073,0.0,0.0,14783.7,1.0,1,612042023200085,"{""1"":147837,""3"":0,""37"":0,""48"":80,""49"":28,""224"":""AC8="",""225"":147837,""226"":0,""227"":281474976710656,""228"":0,""229"":0,""230"":0,""231"":0}",0.0,1879358279721201665,18.04173318299407,0.0,0.0
1764211418000,2025-11-27 10:43:38.000,104.214792,35.93202,104.20819164238392,35.926270038082826,104.205513,35.926483,0.0,0.0,17726.1,1.0,1,612042023200080,"{""1"":177261,""3"":0,""37"":0,""48"":80,""49"":34,""224"":""AC8="",""225"":177261,""226"":0,""227"":281474976710656,""228"":0,""229"":0,""230"":0,""231"":0}",0.0,1879364340897329154,25.974683505525192,0.0,0.0
1764211419000,2025-11-27 10:43:39.000,104.21491,35.931756,104.20830945692995,35.9260078009324,104.205615,35.926219,0.0,339.0,17735.8,1.0,1,612042023200066,"{""1"":177358,""3"":0,""37"":16,""48"":80,""49"":34,""224"":""AC8="",""225"":177358,""226"":0,""227"":282574488338432,""228"":0,""229"":1639,""230"":0,""231"":0}",0.0,1879347316192227330,31.029180144247984,0.0,0.0
1764211419000,2025-11-27 10:43:39.000,104.214673,35.932233,104.20807282698269,35.926482264542685,104.205413,35.926692,1.0,0.0,20212.8,1.0,1,612042023200098,"{""1"":202128,""3"":0,""37"":0,""48"":80,""49"":21,""224"":""AC8="",""225"":202128,""226"":0,""227"":281474976710656,""228"":0,""229"":0,""230"":0,""231"":0}",0.143,1879353494011949057,0.0,0.0,0.0
1764211419000,2025-11-27 10:43:39.000,104.21499,35.931606,104.20838833445588,35.92585864891449,104.205726,35.926073,0.0,0.0,14783.7,1.0,1,612042023200085,"{""1"":147837,""3"":0,""37"":0,""48"":80,""49"":29,""224"":""AC8="",""225"":147837,""226"":0,""227"":281474976710656,""228"":0,""229"":0,""230"":0,""231"":0}",0.0,1879358279721201665,18.04173318299407,0.0,0.0
1764211419000,2025-11-27 10:43:39.000,104.214792,35.93202,104.20819164238392,35.926270038082826,104.205513,35.926483,0.0,0.0,17726.1,1.0,1,612042023200080,"{""1"":177261,""3"":0,""37"":0,""48"":80,""49"":34,""224"":""AC8="",""225"":177261,""226"":0,""227"":281474976710656,""228"":0,""229"":0,""230"":0,""231"":0}",0.0,1879364340897329154,25.910345134266766,0.0,0.0
1764211420000,2025-11-27 10:43:40.000,104.21491,35.931756,104.20830945692995,35.9260078009324,104.205615,35.926219,0.0,339.0,17735.8,1.0,1,612042023200066,"{""1"":177358,""3"":0,""37"":16,""48"":80,""49"":34,""224"":""AC8="",""225"":177358,""226"":0,""227"":282574488338432,""228"":0,""229"":1639,""230"":0,""231"":0}",0.0,1879347316192227330,31.029180144247984,0.0,0.0
1764211420000,2025-11-27 10:43:40.000,104.214673,35.932234,104.20807282703744,35.92648326479171,104.205413,35.926693,1.0,0.0,20212.8,1.0,1,612042023200098,"{""1"":202128,""3"":0,""37"":0,""48"":80,""49"":20,""224"":""AC8="",""225"":202128,""226"":0,""227"":281474976710656,""228"":0,""229"":0,""230"":0,""231"":0}",0.111,1879353494011949057,0.0,0.0,0.0
1764211420000,2025-11-27 10:43:40.000,104.21499,35.931606,104.20838833445588,35.92585864891449,104.205726,35.926073,0.0,0.0,14783.7,1.0,1,612042023200085,"{""1"":147837,""3"":0,""37"":0,""48"":80,""49"":29,""224"":""AC8="",""225"":147837,""226"":0,""227"":281474976710656,""228"":0,""229"":0,""230"":0,""231"":0}",0.0,1879358279721201665,18.04173318299407,0.0,0.0
1764211420000,2025-11-27 10:43:40.000,104.214792,35.93202,104.20819164238392,35.926270038082826,104.205513,35.926483,0.0,0.0,17726.1,1.0,1,612042023200080,"{""1"":177261,""3"":0,""37"":0,""48"":80,""49"":34,""224"":""AC8="",""225"":177261,""226"":0,""227"":281474976710656,""228"":0,""229"":0,""230"":0,""231"":0}",0.0,1879364340897329154,26.011682445259105,0.0,0.0
1764211421000,2025-11-27 10:43:41.000,104.21491,35.931756,104.20830945692995,35.9260078009324,104.205614,35.926219,0.0,339.0,17735.8,1.0,1,612042023200066,"{""1"":177358,""3"":0,""37"":16,""48"":80,""49"":34,""224"":""AC8="",""225"":177358,""226"":0,""227"":282574488338432,""228"":0,""229"":1639,""230"":0,""231"":0}",0.0,1879347316192227330,31.029180144247984,0.0,0.0
1764211421000,2025-11-27 10:43:41.000,104.214673,35.932234,104.20807282703744,35.92648326479171,104.205414,35.926694,0.0,0.0,20212.8,1.0,1,612042023200098,"{""1"":202128,""3"":0,""37"":0,""48"":80,""49"":20,""224"":""AC8="",""225"":202128,""226"":0,""227"":281474976710656,""228"":0,""229"":0,""230"":0,""231"":0}",0.0,1879353494011949057,0.0,0.0,0.0
1764211421000,2025-11-27 10:43:41.000,104.21499,35.931606,104.20838833445588,35.92585864891449,104.205726,35.926073,0.0,0.0,14783.7,1.0,1,612042023200085,"{""1"":147837,""3"":0,""37"":0,""48"":80,""49"":29,""224"":""AC8="",""225"":147837,""226"":0,""227"":281474976710656,""228"":0,""229"":0,""230"":0,""231"":0}",0.0,1879358279721201665,18.04173318299407,0.0,0.0
1764211421000,2025-11-27 10:43:41.000,104.214792,35.93202,104.20819164238392,35.926270038082826,104.205513,35.926483,0.0,0.0,17726.1,1.0,1,612042023200080,"{""1"":177261,""3"":0,""37"":0,""48"":80,""49"":34,""224"":""AC8="",""225"":177261,""226"":0,""227"":281474976710656,""228"":0,""229"":0,""230"":0,""231"":0}",0.0,1879364340897329154,26.011682445259105,0.0,0.0
1764211422000,2025-11-27 10:43:42.000,104.21491,35.931756,104.20830945692995,35.9260078009324,104.205614,35.926219,0.0,339.0,17735.8,1.0,1,612042023200066,"{""1"":177358,""3"":0,""37"":16,""48"":80,""49"":34,""224"":""AC8="",""225"":177358,""226"":0,""227"":282574488338432,""228"":0,""229"":1639,""230"":0,""231"":0}",0.0,1879347316192227330,31.029180144247984,0.0,0.0
1764211422000,2025-11-27 10:43:42.000,104.214673,35.932234,104.20807282703744,35.92648326479171,104.205414,35.926694,0.0,0.0,20212.8,1.0,1,612042023200098,"{""1"":202128,""3"":0,""37"":0,""48"":80,""49"":20,""224"":""AC8="",""225"":202128,""226"":0,""227"":281474976710656,""228"":0,""229"":0,""230"":0,""231"":0}",0.0,1879353494011949057,0.0,0.0,0.0
1764211422000,2025-11-27 10:43:42.000,104.21499,35.931606,104.20838833445588,35.92585864891449,104.205726,35.926073,0.0,0.0,14783.7,1.0,1,612042023200085,"{""1"":147837,""3"":0,""37"":0,""48"":80,""49"":29,""224"":""AC8="",""225"":147837,""226"":0,""227"":281474976710656,""228"":0,""229"":0,""230"":0,""231"":0}",0.0,1879358279721201665,18.04173318299407,0.0,0.0
1764211422000,2025-11-27 10:43:42.000,104.214792,35.93202,104.20819164238392,35.926270038082826,104.205513,35.926483,0.0,0.0,17726.1,1.0,1,612042023200080,"{""1"":177261,""3"":0,""37"":0,""48"":80,""49"":34,""224"":""AC8="",""225"":177261,""226"":0,""227"":281474976710656,""228"":0,""229"":0,""230"":0,""231"":0}",0.0,1879364340897329154,26.011682445259105,0.0,0.0
1764211423000,2025-11-27 10:43:43.000,104.21491,35.931756,104.20830945692995,35.9260078009324,104.205614,35.926219,0.0,339.0,17735.8,1.0,1,612042023200066,"{""1"":177358,""3"":0,""37"":16,""48"":80,""49"":34,""224"":""AC8="",""225"":177358,""226"":0,""227"":282574488338432,""228"":0,""229"":1639,""230"":0,""231"":0}",0.0,1879347316192227330,31.029180144247984,0.0,0.0
1764211423000,2025-11-27 10:43:43.000,104.214673,35.932234,104.20807282703744,35.92648326479171,104.205413,35.926694,0.0,0.0,20212.8,1.0,1,612042023200098,"{""1"":202128,""3"":0,""37"":0,""48"":80,""49"":20,""224"":""AC8="",""225"":202128,""226"":0,""227"":281474976710656,""228"":0,""229"":0,""230"":0,""231"":0}",0.0,1879353494011949057,0.0,0.0,0.0
1764211423000,2025-11-27 10:43:43.000,104.21499,35.931606,104.20838833445588,35.92585864891449,104.205726,35.926073,0.0,0.0,14783.7,1.0,1,612042023200085,"{""1"":147837,""3"":0,""37"":0,""48"":80,""49"":29,""224"":""AC8="",""225"":147837,""226"":0,""227"":281474976710656,""228"":0,""229"":0,""230"":0,""231"":0}",0.0,1879358279721201665,18.04173318299407,0.0,0.0
1764211423000,2025-11-27 10:43:43.000,104.214792,35.93202,104.20819164238392,35.926270038082826,104.205513,35.926483,0.0,0.0,17726.1,1.0,1,612042023200080,"{""1"":177261,""3"":0,""37"":0,""48"":80,""49"":34,""224"":""AC8="",""225"":177261,""226"":0,""227"":281474976710656,""228"":0,""229"":0,""230"":0,""231"":0}",0.0,1879364340897329154,26.011682445259105,0.0,0.0
1764211424000,2025-11-27 10:43:44.000,104.21491,35.931756,104.20830945692995,35.9260078009324,104.205614,35.926219,0.0,339.0,17735.8,1.0,1,612042023200066,"{""1"":177358,""3"":0,""37"":16,""48"":80,""49"":34,""224"":""AC8="",""225"":177358,""226"":0,""227"":282574488338432,""228"":0,""229"":1639,""230"":0,""231"":0}",0.0,1879347316192227330,31.029180144247984,0.0,0.0
1764211424000,2025-11-27 10:43:44.000,104.214673,35.932234,104.20807282703744,35.92648326479171,104.205413,35.926694,0.0,0.0,20212.8,1.0,1,612042023200098,"{""1"":202128,""3"":0,""37"":0,""48"":80,""49"":20,""224"":""AC8="",""225"":202128,""226"":0,""227"":281474976710656,""228"":0,""229"":0,""230"":0,""231"":0}",0.0,1879353494011949057,0.0,0.0,0.0
1764211424000,2025-11-27 10:43:44.000,104.21499,35.931606,104.20838833445588,35.92585864891449,104.205726,35.926073,0.0,0.0,14783.7,1.0,1,612042023200085,"{""1"":147837,""3"":0,""37"":0,""48"":80,""49"":28,""224"":""AC8="",""225"":147837,""226"":0,""227"":281474976710656,""228"":0,""229"":0,""230"":0,""231"":0}",0.0,1879358279721201665,18.04173318299407,0.0,0.0
1764211424000,2025-11-27 10:43:44.000,104.214792,35.93202,104.20819164238392,35.926270038082826,104.205513,35.926483,0.0,0.0,17726.1,1.0,1,612042023200080,"{""1"":177261,""3"":0,""37"":0,""48"":80,""49"":34,""224"":""AC8="",""225"":177261,""226"":0,""227"":281474976710656,""228"":0,""229"":0,""230"":0,""231"":0}",0.0,1879364340897329154,26.011682445259105,0.0,0.0
1764211425000,2025-11-27 10:43:45.000,104.21491,35.931756,104.20830945692995,35.9260078009324,104.205613,35.926219,0.0,339.0,17735.8,1.0,1,612042023200066,"{""1"":177358,""3"":0,""37"":16,""48"":80,""49"":34,""224"":""AC8="",""225"":177358,""226"":0,""227"":282574488338432,""228"":0,""229"":1639,""230"":0,""231"":0}",0.0,1879347316192227330,31.029180144247984,0.0,0.0
1764211425000,2025-11-27 10:43:45.000,104.214673,35.932234,104.20807282703744,35.92648326479171,104.205413,35.926693,0.0,0.0,20212.8,1.0,1,612042023200098,"{""1"":202128,""3"":0,""37"":0,""48"":80,""49"":19,""224"":""AC8="",""225"":202128,""226"":0,""227"":281474976710656,""228"":0,""229"":0,""230"":0,""231"":0}",0.0,1879353494011949057,0.0,0.0,0.0
1764211425000,2025-11-27 10:43:45.000,104.21499,35.931606,104.20838833445588,35.92585864891449,104.205726,35.926073,0.0,0.0,14783.7,1.0,1,612042023200085,"{""1"":147837,""3"":0,""37"":0,""48"":80,""49"":29,""224"":""AC8="",""225"":147837,""226"":0,""227"":281474976710656,""228"":0,""229"":0,""230"":0,""231"":0}",0.0,1879358279721201665,18.04173318299407,0.0,0.0
1764211425000,2025-11-27 10:43:45.000,104.214792,35.93202,104.20819164238392,35.926270038082826,104.205513,35.926483,0.0,0.0,17726.1,1.0,1,612042023200080,"{""1"":177261,""3"":0,""37"":0,""48"":80,""49"":34,""224"":""AC8="",""225"":177261,""226"":0,""227"":281474976710656,""228"":0,""229"":0,""230"":0,""231"":0}",0.0,1879364340897329154,26.011682445259105,0.0,0.0
1764211426000,2025-11-27 10:43:46.000,104.21491,35.931756,104.20830945692995,35.9260078009324,104.205613,35.926219,0.0,339.0,17735.8,1.0,1,612042023200066,"{""1"":177358,""3"":0,""37"":16,""48"":80,""49"":34,""224"":""AC8="",""225"":177358,""226"":0,""227"":282574488338432,""228"":0,""229"":1639,""230"":0,""231"":0}",0.0,1879347316192227330,31.029180144247984,0.0,0.0
1764211426000,2025-11-27 10:43:46.000,104.214673,35.932234,104.20807282703744,35.92648326479171,104.205413,35.926694,0.0,0.0,20212.8,1.0,1,612042023200098,"{""1"":202128,""3"":0,""37"":0,""48"":80,""49"":19,""224"":""AC8="",""225"":202128,""226"":0,""227"":281474976710656,""228"":0,""229"":0,""230"":0,""231"":0}",0.0,1879353494011949057,0.0,0.0,0.0
1764211426000,2025-11-27 10:43:46.000,104.21499,35.931606,104.20838833445588,35.92585864891449,104.205726,35.926073,0.0,0.0,14783.7,1.0,1,612042023200085,"{""1"":147837,""3"":0,""37"":0,""48"":80,""49"":29,""224"":""AC8="",""225"":147837,""226"":0,""227"":281474976710656,""228"":0,""229"":0,""230"":0,""231"":0}",0.0,1879358279721201665,18.04173318299407,0.0,0.0
1764211426000,2025-11-27 10:43:46.000,104.214792,35.93202,104.20819164238392,35.926270038082826,104.205513,35.926483,0.0,0.0,17726.1,1.0,1,612042023200080,"{""1"":177261,""3"":0,""37"":0,""48"":80,""49"":34,""224"":""AC8="",""225"":177261,""226"":0,""227"":281474976710656,""228"":0,""229"":0,""230"":0,""231"":0}",0.0,1879364340897329154,26.011682445259105,0.0,0.0
1764211427000,2025-11-27 10:43:47.000,104.21491,35.931756,104.20830945692995,35.9260078009324,104.205613,35.926219,0.0,339.0,17735.8,1.0,1,612042023200066,"{""1"":177358,""3"":0,""37"":16,""48"":80,""49"":34,""224"":""AC8="",""225"":177358,""226"":0,""227"":282574488338432,""228"":0,""229"":1639,""230"":0,""231"":0}",0.0,1879347316192227330,31.029180144247984,0.0,0.0
1764211427000,2025-11-27 10:43:47.000,104.214673,35.932234,104.20807282703744,35.92648326479171,104.205413,35.926693,1.0,0.0,20212.8,1.0,1,612042023200098,"{""1"":202128,""3"":0,""37"":0,""48"":80,""49"":19,""224"":""AC8="",""225"":202128,""226"":0,""227"":281474976710656,""228"":0,""229"":0,""230"":0,""231"":0}",0.0,1879353494011949057,0.0,0.0,0.0
1764211427000,2025-11-27 10:43:47.000,104.21499,35.931606,104.20838833445588,35.92585864891449,104.205726,35.926073,0.0,0.0,14783.7,1.0,1,612042023200085,"{""1"":147837,""3"":0,""37"":0,""48"":80,""49"":29,""224"":""AC8="",""225"":147837,""226"":0,""227"":281474976710656,""228"":0,""229"":0,""230"":0,""231"":0}",0.0,1879358279721201665,18.04173318299407,0.0,0.0
1764211427000,2025-11-27 10:43:47.000,104.214792,35.93202,104.20819164238392,35.926270038082826,104.205513,35.926483,0.0,0.0,17726.1,1.0,1,612042023200080,"{""1"":177261,""3"":0,""37"":0,""48"":80,""49"":34,""224"":""AC8="",""225"":177261,""226"":0,""227"":281474976710656,""228"":0,""229"":0,""230"":0,""231"":0}",0.0,1879364340897329154,26.011682445259105,0.0,0.0
1764211428000,2025-11-27 10:43:48.000,104.21491,35.931756,104.20830945692995,35.9260078009324,104.205613,35.926219,0.0,339.0,17735.8,1.0,1,612042023200066,"{""1"":177358,""3"":0,""37"":16,""48"":80,""49"":34,""224"":""AC8="",""225"":177358,""226"":0,""227"":282574488338432,""228"":0,""229"":1639,""230"":0,""231"":0}",0.0,1879347316192227330,31.029180144247984,0.0,0.0
1764211428000,2025-11-27 10:43:48.000,104.214673,35.932234,104.20807282703744,35.92648326479171,104.205413,35.926693,1.0,0.0,20212.8,1.0,1,612042023200098,"{""1"":202128,""3"":0,""37"":0,""48"":80,""49"":20,""224"":""AC8="",""225"":202128,""226"":0,""227"":281474976710656,""228"":0,""229"":0,""230"":0,""231"":0}",0.0,1879353494011949057,0.0,0.0,0.0
1764211428000,2025-11-27 10:43:48.000,104.21499,35.931606,104.20838833445588,35.92585864891449,104.205726,35.926073,0.0,0.0,14783.7,1.0,1,612042023200085,"{""1"":147837,""3"":0,""37"":0,""48"":80,""49"":29,""224"":""AC8="",""225"":147837,""226"":0,""227"":281474976710656,""228"":0,""229"":0,""230"":0,""231"":0}",0.0,1879358279721201665,18.04173318299407,0.0,0.0
1764211428000,2025-11-27 10:43:48.000,104.214792,35.93202,104.20819164238392,35.926270038082826,104.205513,35.926483,0.0,0.0,17726.1,1.0,1,612042023200080,"{""1"":177261,""3"":0,""37"":0,""48"":80,""49"":34,""224"":""AC8="",""225"":177261,""226"":0,""227"":281474976710656,""228"":0,""229"":0,""230"":0,""231"":0}",0.0,1879364340897329154,26.011682445259105,0.0,0.0
1764211429000,2025-11-27 10:43:49.000,104.21491,35.931756,104.20830945692995,35.9260078009324,104.205612,35.926219,0.0,339.0,17735.8,1.0,1,612042023200066,"{""1"":177358,""3"":0,""37"":16,""48"":80,""49"":34,""224"":""AC8="",""225"":177358,""226"":0,""227"":282574488338432,""228"":0,""229"":1639,""230"":0,""231"":0}",0.0,1879347316192227330,31.029180144247984,0.0,0.0
1764211429000,2025-11-27 10:43:49.000,104.214673,35.932236,104.20807282714698,35.92648526528976,104.205413,35.926695,1.0,0.0,20212.8,1.0,1,612042023200098,"{""1"":202128,""3"":0,""37"":0,""48"":80,""49"":19,""224"":""AC8="",""225"":202128,""226"":0,""227"":281474976710656,""228"":0,""229"":0,""230"":0,""231"":0}",0.222,1879353494011949057,0.0,0.0,0.0
1764211429000,2025-11-27 10:43:49.000,104.21499,35.931606,104.20838833445588,35.92585864891449,104.205726,35.926073,0.0,0.0,14783.7,1.0,1,612042023200085,"{""1"":147837,""3"":0,""37"":0,""48"":80,""49"":29,""224"":""AC8="",""225"":147837,""226"":0,""227"":281474976710656,""228"":0,""229"":0,""230"":0,""231"":0}",0.0,1879358279721201665,18.04173318299407,0.0,0.0
1764211429000,2025-11-27 10:43:49.000,104.214792,35.93202,104.20819164238392,35.926270038082826,104.205513,35.926483,0.0,0.0,17726.1,1.0,1,612042023200080,"{""1"":177261,""3"":0,""37"":0,""48"":80,""49"":34,""224"":""AC8="",""225"":177261,""226"":0,""227"":281474976710656,""228"":0,""229"":0,""230"":0,""231"":0}",0.0,1879364340897329154,26.214597530318844,0.0,0.0
1764211430000,2025-11-27 10:43:50.000,104.21491,35.931756,104.20830945692995,35.9260078009324,104.205612,35.926219,0.0,339.0,17735.8,1.0,1,612042023200066,"{""1"":177358,""3"":0,""37"":16,""48"":80,""49"":34,""224"":""AC8="",""225"":177358,""226"":0,""227"":282574488338432,""228"":0,""229"":1639,""230"":0,""231"":0}",0.0,1879347316192227330,31.029180144247984,0.0,0.0
1764211430000,2025-11-27 10:43:50.000,104.214674,35.932235,104.20807382563672,35.92648426358004,104.205414,35.926694,1.0,0.0,20212.8,1.0,1,612042023200098,"{""1"":202128,""3"":0,""37"":0,""48"":80,""49"":20,""224"":""AC8="",""225"":202128,""226"":0,""227"":281474976710656,""228"":0,""229"":0,""230"":0,""231"":0}",0.143,1879353494011949057,0.0,0.0,0.0
1764211430000,2025-11-27 10:43:50.000,104.21499,35.931606,104.20838833445588,35.92585864891449,104.205726,35.926073,0.0,0.0,14783.7,1.0,1,612042023200085,"{""1"":147837,""3"":0,""37"":0,""48"":80,""49"":29,""224"":""AC8="",""225"":147837,""226"":0,""227"":281474976710656,""228"":0,""229"":0,""230"":0,""231"":0}",0.0,1879358279721201665,18.04173318299407,0.0,0.0
1764211430000,2025-11-27 10:43:50.000,104.214792,35.93202,104.20819164238392,35.926270038082826,104.205513,35.926483,0.0,0.0,17726.1,1.0,1,612042023200080,"{""1"":177261,""3"":0,""37"":0,""48"":80,""49"":34,""224"":""AC8="",""225"":177261,""226"":0,""227"":281474976710656,""228"":0,""229"":0,""230"":0,""231"":0}",0.0,1879364340897329154,26.076244507029806,0.0,0.0
1764211431000,2025-11-27 10:43:51.000,104.21491,35.931756,104.20830945692995,35.9260078009324,104.205612,35.926219,0.0,339.0,17735.8,1.0,1,612042023200066,"{""1"":177358,""3"":0,""37"":16,""48"":80,""49"":34,""224"":""AC8="",""225"":177358,""226"":0,""227"":282574488338432,""228"":0,""229"":1639,""230"":0,""231"":0}",0.0,1879347316192227330,31.029180144247984,0.0,0.0
1764211431000,2025-11-27 10:43:51.000,104.214673,35.932236,104.20807282714698,35.92648526528976,104.205413,35.926695,1.0,0.0,20212.8,1.0,1,612042023200098,"{""1"":202128,""3"":0,""37"":0,""48"":80,""49"":20,""224"":""AC8="",""225"":202128,""226"":0,""227"":281474976710656,""228"":0,""229"":0,""230"":0,""231"":0}",0.143,1879353494011949057,0.0,0.0,0.0
1764211431000,2025-11-27 10:43:51.000,104.21499,35.931606,104.20838833445588,35.92585864891449,104.205726,35.926073,0.0,0.0,14783.7,1.0,1,612042023200085,"{""1"":147837,""3"":0,""37"":0,""48"":80,""49"":29,""224"":""AC8="",""225"":147837,""226"":0,""227"":281474976710656,""228"":0,""229"":0,""230"":0,""231"":0}",0.0,1879358279721201665,18.04173318299407,0.0,0.0
1764211431000,2025-11-27 10:43:51.000,104.214792,35.93202,104.20819164238392,35.926270038082826,104.205513,35.926483,0.0,0.0,17726.1,1.0,1,612042023200080,"{""1"":177261,""3"":0,""37"":0,""48"":80,""49"":34,""224"":""AC8="",""225"":177261,""226"":0,""227"":281474976710656,""228"":0,""229"":0,""230"":0,""231"":0}",0.0,1879364340897329154,26.214597530318844,0.0,0.0
1764211432000,2025-11-27 10:43:52.000,104.21491,35.931756,104.20830945692995,35.9260078009324,104.205612,35.926219,0.0,339.0,17735.8,1.0,1,612042023200066,"{""1"":177358,""3"":0,""37"":16,""48"":80,""49"":34,""224"":""AC8="",""225"":177358,""226"":0,""227"":282574488338432,""228"":0,""229"":1639,""230"":0,""231"":0}",0.0,1879347316192227330,31.029180144247984,0.0,0.0
1764211432000,2025-11-27 10:43:52.000,104.214673,35.932236,104.20807282714698,35.92648526528976,104.205413,35.926695,0.0,0.0,20212.8,1.0,1,612042023200098,"{""1"":202128,""3"":0,""37"":0,""48"":80,""49"":19,""224"":""AC8="",""225"":202128,""226"":0,""227"":281474976710656,""228"":0,""229"":0,""230"":0,""231"":0}",0.0,1879353494011949057,0.0,0.0,0.0
1764211432000,2025-11-27 10:43:52.000,104.21499,35.931606,104.20838833445588,35.92585864891449,104.205726,35.926073,0.0,0.0,14783.7,1.0,1,612042023200085,"{""1"":147837,""3"":0,""37"":0,""48"":80,""49"":29,""224"":""AC8="",""225"":147837,""226"":0,""227"":281474976710656,""228"":0,""229"":0,""230"":0,""231"":0}",0.0,1879358279721201665,18.04173318299407,0.0,0.0
1764211432000,2025-11-27 10:43:52.000,104.214792,35.93202,104.20819164238392,35.926270038082826,104.205513,35.926483,0.0,0.0,17726.1,1.0,1,612042023200080,"{""1"":177261,""3"":0,""37"":0,""48"":80,""49"":34,""224"":""AC8="",""225"":177261,""226"":0,""227"":281474976710656,""228"":0,""229"":0,""230"":0,""231"":0}",0.0,1879364340897329154,26.214597530318844,0.0,0.0
1764211433000,2025-11-27 10:43:53.000,104.21491,35.931756,104.20830945692995,35.9260078009324,104.205612,35.926219,0.0,339.0,17735.8,1.0,1,612042023200066,"{""1"":177358,""3"":0,""37"":16,""48"":80,""49"":34,""224"":""AC8="",""225"":177358,""226"":0,""227"":282574488338432,""228"":0,""229"":1639,""230"":0,""231"":0}",0.0,1879347316192227330,31.029180144247984,0.0,0.0
1764211433000,2025-11-27 10:43:53.000,104.214673,35.932235,104.2080728270922,35.926484265040735,104.205413,35.926694,1.0,0.0,20212.8,1.0,1,612042023200098,"{""1"":202128,""3"":0,""37"":0,""48"":80,""49"":19,""224"":""AC8="",""225"":202128,""226"":0,""227"":281474976710656,""228"":0,""229"":0,""230"":0,""231"":0}",0.111,1879353494011949057,0.0,0.0,0.0
1764211433000,2025-11-27 10:43:53.000,104.21499,35.931606,104.20838833445588,35.92585864891449,104.205726,35.926073,0.0,0.0,14783.7,1.0,1,612042023200085,"{""1"":147837,""3"":0,""37"":0,""48"":80,""49"":29,""224"":""AC8="",""225"":147837,""226"":0,""227"":281474976710656,""228"":0,""229"":0,""230"":0,""231"":0}",0.0,1879358279721201665,18.04173318299407,0.0,0.0
1764211433000,2025-11-27 10:43:53.000,104.214792,35.93202,104.20819164238392,35.926270038082826,104.205513,35.926483,0.0,0.0,17726.1,1.0,1,612042023200080,"{""1"":177261,""3"":0,""37"":0,""48"":80,""49"":34,""224"":""AC8="",""225"":177261,""226"":0,""227"":281474976710656,""228"":0,""229"":0,""230"":0,""231"":0}",0.0,1879364340897329154,26.1131002217816,0.0,0.0
1764211434000,2025-11-27 10:43:54.000,104.21491,35.931756,104.20830945692995,35.9260078009324,104.205612,35.926219,0.0,339.0,17735.8,1.0,1,612042023200066,"{""1"":177358,""3"":0,""37"":16,""48"":80,""49"":34,""224"":""AC8="",""225"":177358,""226"":0,""227"":282574488338432,""228"":0,""229"":1639,""230"":0,""231"":0}",0.0,1879347316192227330,31.029180144247984,0.0,0.0
1764211434000,2025-11-27 10:43:54.000,104.214673,35.932235,104.2080728270922,35.926484265040735,104.205414,35.926693,0.0,0.0,20212.8,1.0,1,612042023200098,"{""1"":202128,""3"":0,""37"":0,""48"":80,""49"":19,""224"":""AC8="",""225"":202128,""226"":0,""227"":281474976710656,""228"":0,""229"":0,""230"":0,""231"":0}",0.0,1879353494011949057,0.0,0.0,0.0
1764211434000,2025-11-27 10:43:54.000,104.21499,35.931606,104.20838833445588,35.92585864891449,104.205726,35.926073,0.0,0.0,14783.7,1.0,1,612042023200085,"{""1"":147837,""3"":0,""37"":0,""48"":80,""49"":29,""224"":""AC8="",""225"":147837,""226"":0,""227"":281474976710656,""228"":0,""229"":0,""230"":0,""231"":0}",0.0,1879358279721201665,18.04173318299407,0.0,0.0
1764211434000,2025-11-27 10:43:54.000,104.214792,35.93202,104.20819164238392,35.926270038082826,104.205513,35.926483,0.0,0.0,17726.1,1.0,1,612042023200080,"{""1"":177261,""3"":0,""37"":0,""48"":80,""49"":34,""224"":""AC8="",""225"":177261,""226"":0,""227"":281474976710656,""228"":0,""229"":0,""230"":0,""231"":0}",0.0,1879364340897329154,26.1131002217816,0.0,0.0
1764211435000,2025-11-27 10:43:55.000,104.21491,35.931756,104.20830945692995,35.9260078009324,104.205612,35.926219,0.0,339.0,17735.8,1.0,1,612042023200066,"{""1"":177358,""3"":0,""37"":16,""48"":80,""49"":34,""224"":""AC8="",""225"":177358,""226"":0,""227"":282574488338432,""228"":0,""229"":1639,""230"":0,""231"":0}",0.0,1879347316192227330,31.029180144247984,0.0,0.0
1764211435000,2025-11-27 10:43:55.000,104.214673,35.932235,104.2080728270922,35.926484265040735,104.205413,35.926693,0.0,0.0,20212.8,1.0,1,612042023200098,"{""1"":202128,""3"":0,""37"":0,""48"":80,""49"":19,""224"":""AC8="",""225"":202128,""226"":0,""227"":281474976710656,""228"":0,""229"":0,""230"":0,""231"":0}",0.0,1879353494011949057,0.0,0.0,0.0
1764211435000,2025-11-27 10:43:55.000,104.21499,35.931606,104.20838833445588,35.92585864891449,104.205726,35.926073,0.0,0.0,14783.7,1.0,1,612042023200085,"{""1"":147837,""3"":0,""37"":0,""48"":80,""49"":29,""224"":""AC8="",""225"":147837,""226"":0,""227"":281474976710656,""228"":0,""229"":0,""230"":0,""231"":0}",0.0,1879358279721201665,18.04173318299407,0.0,0.0
1764211435000,2025-11-27 10:43:55.000,104.214792,35.93202,104.20819164238392,35.926270038082826,104.205513,35.926483,0.0,0.0,17726.1,1.0,1,612042023200080,"{""1"":177261,""3"":0,""37"":0,""48"":80,""49"":34,""224"":""AC8="",""225"":177261,""226"":0,""227"":281474976710656,""228"":0,""229"":0,""230"":0,""231"":0}",0.0,1879364340897329154,26.1131002217816,0.0,0.0
1764211436000,2025-11-27 10:43:56.000,104.21491,35.931756,104.20830945692995,35.9260078009324,104.205612,35.926219,0.0,339.0,17735.8,1.0,1,612042023200066,"{""1"":177358,""3"":0,""37"":16,""48"":80,""49"":34,""224"":""AC8="",""225"":177358,""226"":0,""227"":282574488338432,""228"":0,""229"":1639,""230"":0,""231"":0}",0.0,1879347316192227330,31.029180144247984,0.0,0.0
1764211436000,2025-11-27 10:43:56.000,104.214673,35.932234,104.20807282703744,35.92648326479171,104.205413,35.926693,1.0,0.0,20212.8,1.0,1,612042023200098,"{""1"":202128,""3"":0,""37"":0,""48"":80,""49"":20,""224"":""AC8="",""225"":202128,""226"":0,""227"":281474976710656,""228"":0,""229"":0,""230"":0,""231"":0}",0.111,1879353494011949057,0.0,0.0,0.0
1764211436000,2025-11-27 10:43:56.000,104.21499,35.931606,104.20838833445588,35.92585864891449,104.205725,35.926073,0.0,0.0,14783.7,1.0,1,612042023200085,"{""1"":147837,""3"":0,""37"":0,""48"":80,""49"":29,""224"":""AC8="",""225"":147837,""226"":0,""227"":281474976710656,""228"":0,""229"":0,""230"":0,""231"":0}",0.0,1879358279721201665,18.04173318299407,0.0,0.0
1764211436000,2025-11-27 10:43:56.000,104.214792,35.93202,104.20819164238392,35.926270038082826,104.205513,35.926483,0.0,0.0,17726.1,1.0,1,612042023200080,"{""1"":177261,""3"":0,""37"":0,""48"":80,""49"":34,""224"":""AC8="",""225"":177261,""226"":0,""227"":281474976710656,""228"":0,""229"":0,""230"":0,""231"":0}",0.0,1879364340897329154,26.011682445259105,0.0,0.0
1764211437000,2025-11-27 10:43:57.000,104.21491,35.931756,104.20830945692995,35.9260078009324,104.205612,35.926219,0.0,339.0,17735.8,1.0,1,612042023200066,"{""1"":177358,""3"":0,""37"":16,""48"":80,""49"":34,""224"":""AC8="",""225"":177358,""226"":0,""227"":282574488338432,""228"":0,""229"":1639,""230"":0,""231"":0}",0.0,1879347316192227330,31.029180144247984,0.0,0.0
1764211437000,2025-11-27 10:43:57.000,104.214674,35.932235,104.20807382563672,35.92648426358004,104.205414,35.926694,1.0,0.0,20212.8,1.0,1,612042023200098,"{""1"":202128,""3"":0,""37"":0,""48"":80,""49"":19,""224"":""AC8="",""225"":202128,""226"":0,""227"":281474976710656,""228"":0,""229"":0,""230"":0,""231"":0}",0.143,1879353494011949057,0.0,0.0,0.0
1764211437000,2025-11-27 10:43:57.000,104.21499,35.931606,104.20838833445588,35.92585864891449,104.205726,35.926073,0.0,0.0,14783.7,1.0,1,612042023200085,"{""1"":147837,""3"":0,""37"":0,""48"":80,""49"":29,""224"":""AC8="",""225"":147837,""226"":0,""227"":281474976710656,""228"":0,""229"":0,""230"":0,""231"":0}",0.0,1879358279721201665,18.04173318299407,0.0,0.0
1764211437000,2025-11-27 10:43:57.000,104.214792,35.93202,104.20819164238392,35.926270038082826,104.205513,35.926482,0.0,0.0,17726.1,1.0,1,612042023200080,"{""1"":177261,""3"":0,""37"":0,""48"":80,""49"":34,""224"":""AC8="",""225"":177261,""226"":0,""227"":281474976710656,""228"":0,""229"":0,""230"":0,""231"":0}",0.0,1879364340897329154,26.076244507029806,0.0,0.0
1764211438000,2025-11-27 10:43:58.000,104.21491,35.931756,104.20830945692995,35.9260078009324,104.205612,35.926219,0.0,339.0,17735.8,1.0,1,612042023200066,"{""1"":177358,""3"":0,""37"":16,""48"":80,""49"":34,""224"":""AC8="",""225"":177358,""226"":0,""227"":282574488338432,""228"":0,""229"":1639,""230"":0,""231"":0}",0.0,1879347316192227330,31.029180144247984,0.0,0.0
1764211438000,2025-11-27 10:43:58.000,104.214674,35.932235,104.20807382563672,35.92648426358004,104.205414,35.926695,0.0,0.0,20212.8,1.0,1,612042023200098,"{""1"":202128,""3"":0,""37"":0,""48"":80,""49"":19,""224"":""AC8="",""225"":202128,""226"":0,""227"":281474976710656,""228"":0,""229"":0,""230"":0,""231"":0}",0.0,1879353494011949057,0.0,0.0,0.0
1764211438000,2025-11-27 10:43:58.000,104.21499,35.931606,104.20838833445588,35.92585864891449,104.205726,35.926073,0.0,0.0,14783.7,1.0,1,612042023200085,"{""1"":147837,""3"":0,""37"":0,""48"":80,""49"":29,""224"":""AC8="",""225"":147837,""226"":0,""227"":281474976710656,""228"":0,""229"":0,""230"":0,""231"":0}",0.0,1879358279721201665,18.04173318299407,0.0,0.0
1764211438000,2025-11-27 10:43:58.000,104.214792,35.93202,104.20819164238392,35.926270038082826,104.205513,35.926482,0.0,0.0,17726.1,1.0,1,612042023200080,"{""1"":177261,""3"":0,""37"":0,""48"":80,""49"":34,""224"":""AC8="",""225"":177261,""226"":0,""227"":281474976710656,""228"":0,""229"":0,""230"":0,""231"":0}",0.0,1879364340897329154,26.076244507029806,0.0,0.0
1764211439000,2025-11-27 10:43:59.000,104.21491,35.931756,104.20830945692995,35.9260078009324,104.205612,35.926219,0.0,339.0,17735.8,1.0,1,612042023200066,"{""1"":177358,""3"":0,""37"":16,""48"":80,""49"":34,""224"":""AC8="",""225"":177358,""226"":0,""227"":282574488338432,""228"":0,""229"":1639,""230"":0,""231"":0}",0.0,1879347316192227330,31.029180144247984,0.0,0.0
1764211439000,2025-11-27 10:43:59.000,104.214674,35.932235,104.20807382563672,35.92648426358004,104.205414,35.926694,0.0,0.0,20212.8,1.0,1,612042023200098,"{""1"":202128,""3"":0,""37"":0,""48"":80,""49"":19,""224"":""AC8="",""225"":202128,""226"":0,""227"":281474976710656,""228"":0,""229"":0,""230"":0,""231"":0}",0.0,1879353494011949057,0.0,0.0,0.0
1764211439000,2025-11-27 10:43:59.000,104.21499,35.931606,104.20838833445588,35.92585864891449,104.205726,35.926073,0.0,0.0,14783.7,1.0,1,612042023200085,"{""1"":147837,""3"":0,""37"":0,""48"":80,""49"":29,""224"":""AC8="",""225"":147837,""226"":0,""227"":281474976710656,""228"":0,""229"":0,""230"":0,""231"":0}",0.0,1879358279721201665,18.04173318299407,0.0,0.0
1764211439000,2025-11-27 10:43:59.000,104.214792,35.93202,104.20819164238392,35.926270038082826,104.205513,35.926482,0.0,0.0,17726.1,1.0,1,612042023200080,"{""1"":177261,""3"":0,""37"":0,""48"":80,""49"":34,""224"":""AC8="",""225"":177261,""226"":0,""227"":281474976710656,""228"":0,""229"":0,""230"":0,""231"":0}",0.0,1879364340897329154,26.076244507029806,0.0,0.0
1764211440000,2025-11-27 10:44:00.000,104.21491,35.931756,104.20830945692995,35.9260078009324,104.205612,35.926219,0.0,339.0,17735.8,1.0,1,612042023200066,"{""1"":177358,""3"":0,""37"":16,""48"":80,""49"":34,""224"":""AC8="",""225"":177358,""226"":0,""227"":282574488338432,""228"":0,""229"":1639,""230"":0,""231"":0}",0.0,1879347316192227330,31.029180144247984,0.0,0.0
1764211440000,2025-11-27 10:44:00.000,104.214675,35.932236,104.20807482423604,35.926485262368395,104.205415,35.926695,1.0,0.0,20212.8,1.0,1,612042023200098,"{""1"":202128,""3"":0,""37"":0,""48"":80,""49"":19,""224"":""AC8="",""225"":202128,""226"":0,""227"":281474976710656,""228"":0,""229"":0,""230"":0,""231"":0}",0.143,1879353494011949057,0.0,0.0,0.0
1764211440000,2025-11-27 10:44:00.000,104.21499,35.931606,104.20838833445588,35.92585864891449,104.205726,35.926073,0.0,0.0,14783.7,1.0,1,612042023200085,"{""1"":147837,""3"":0,""37"":0,""48"":80,""49"":29,""224"":""AC8="",""225"":147837,""226"":0,""227"":281474976710656,""228"":0,""229"":0,""230"":0,""231"":0}",0.0,1879358279721201665,18.04173318299407,0.0,0.0
1764211440000,2025-11-27 10:44:00.000,104.214792,35.93202,104.20819164238392,35.926270038082826,104.205513,35.926482,0.0,0.0,17726.1,1.0,1,612042023200080,"{""1"":177261,""3"":0,""37"":0,""48"":80,""49"":34,""224"":""AC8="",""225"":177261,""226"":0,""227"":281474976710656,""228"":0,""229"":0,""230"":0,""231"":0}",0.0,1879364340897329154,26.141428236989906,0.0,0.0
1764211441000,2025-11-27 10:44:01.000,104.21491,35.931756,104.20830945692995,35.9260078009324,104.205612,35.926219,0.0,339.0,17735.8,1.0,1,612042023200066,"{""1"":177358,""3"":0,""37"":16,""48"":80,""49"":34,""224"":""AC8="",""225"":177358,""226"":0,""227"":282574488338432,""228"":0,""229"":1639,""230"":0,""231"":0}",0.0,1879347316192227330,31.029180144247984,0.0,0.0
1764211441000,2025-11-27 10:44:01.000,104.214674,35.932235,104.20807382563672,35.92648426358004,104.205414,35.926694,1.0,0.0,20212.8,1.0,1,612042023200098,"{""1"":202128,""3"":0,""37"":0,""48"":80,""49"":19,""224"":""AC8="",""225"":202128,""226"":0,""227"":281474976710656,""228"":0,""229"":0,""230"":0,""231"":0}",0.143,1879353494011949057,0.0,0.0,0.0
1764211441000,2025-11-27 10:44:01.000,104.21499,35.931606,104.20838833445588,35.92585864891449,104.205726,35.926073,0.0,0.0,14783.7,1.0,1,612042023200085,"{""1"":147837,""3"":0,""37"":0,""48"":80,""49"":29,""224"":""AC8="",""225"":147837,""226"":0,""227"":281474976710656,""228"":0,""229"":0,""230"":0,""231"":0}",0.0,1879358279721201665,18.04173318299407,0.0,0.0
1764211441000,2025-11-27 10:44:01.000,104.214792,35.93202,104.20819164238392,35.926270038082826,104.205513,35.926482,0.0,0.0,17726.1,1.0,1,612042023200080,"{""1"":177261,""3"":0,""37"":0,""48"":80,""49"":34,""224"":""AC8="",""225"":177261,""226"":0,""227"":281474976710656,""228"":0,""229"":0,""230"":0,""231"":0}",0.0,1879364340897329154,26.076244507029806,0.0,0.0
1764211442000,2025-11-27 10:44:02.000,104.21491,35.931756,104.20830945692995,35.9260078009324,104.205611,35.926219,0.0,339.0,17735.8,1.0,1,612042023200066,"{""1"":177358,""3"":0,""37"":16,""48"":80,""49"":34,""224"":""AC8="",""225"":177358,""226"":0,""227"":282574488338432,""228"":0,""229"":1639,""230"":0,""231"":0}",0.0,1879347316192227330,31.029180144247984,0.0,0.0
1764211442000,2025-11-27 10:44:02.000,104.214676,35.932235,104.20807582272585,35.92648426065872,104.205416,35.926694,1.0,0.0,20212.8,1.0,1,612042023200098,"{""1"":202128,""3"":0,""37"":0,""48"":80,""49"":19,""224"":""AC8="",""225"":202128,""226"":0,""227"":281474976710656,""228"":0,""229"":0,""230"":0,""231"":0}",0.18,1879353494011949057,0.0,0.0,0.0
1764211442000,2025-11-27 10:44:02.000,104.21499,35.931606,104.20838833445588,35.92585864891449,104.205726,35.926073,0.0,0.0,14783.7,1.0,1,612042023200085,"{""1"":147837,""3"":0,""37"":0,""48"":80,""49"":28,""224"":""AC8="",""225"":147837,""226"":0,""227"":281474976710656,""228"":0,""229"":0,""230"":0,""231"":0}",0.0,1879358279721201665,18.04173318299407,0.0,0.0
1764211442000,2025-11-27 10:44:02.000,104.214792,35.93202,104.20819164238392,35.926270038082826,104.205513,35.926482,0.0,0.0,17726.1,1.0,1,612042023200080,"{""1"":177261,""3"":0,""37"":0,""48"":80,""49"":34,""224"":""AC8="",""225"":177261,""226"":0,""227"":281474976710656,""228"":0,""229"":0,""230"":0,""231"":0}",0.0,1879364340897329154,26.0033090410908,0.0,0.0
1764211443000,2025-11-27 10:44:03.000,104.21491,35.931756,104.20830945692995,35.9260078009324,104.205611,35.926219,0.0,339.0,17735.8,1.0,1,612042023200066,"{""1"":177358,""3"":0,""37"":16,""48"":80,""49"":34,""224"":""AC8="",""225"":177358,""226"":0,""227"":282574488338432,""228"":0,""229"":1639,""230"":0,""231"":0}",0.0,1879347316192227330,31.029180144247984,0.0,0.0
1764211443000,2025-11-27 10:44:03.000,104.214676,35.932235,104.20807582272585,35.92648426065872,104.205414,35.926693,0.0,0.0,20212.8,1.0,1,612042023200098,"{""1"":202128,""3"":0,""37"":0,""48"":80,""49"":19,""224"":""AC8="",""225"":202128,""226"":0,""227"":281474976710656,""228"":0,""229"":0,""230"":0,""231"":0}",0.0,1879353494011949057,0.0,0.0,0.0
1764211443000,2025-11-27 10:44:03.000,104.21499,35.931606,104.20838833445588,35.92585864891449,104.205726,35.926073,0.0,0.0,14783.7,1.0,1,612042023200085,"{""1"":147837,""3"":0,""37"":0,""48"":80,""49"":28,""224"":""AC8="",""225"":147837,""226"":0,""227"":281474976710656,""228"":0,""229"":0,""230"":0,""231"":0}",0.0,1879358279721201665,18.04173318299407,0.0,0.0
1764211443000,2025-11-27 10:44:03.000,104.214792,35.93202,104.20819164238392,35.926270038082826,104.205513,35.926482,0.0,0.0,17726.1,1.0,1,612042023200080,"{""1"":177261,""3"":0,""37"":0,""48"":80,""49"":34,""224"":""AC8="",""225"":177261,""226"":0,""227"":281474976710656,""228"":0,""229"":0,""230"":0,""231"":0}",0.0,1879364340897329154,26.0033090410908,0.0,0.0
1764211444000,2025-11-27 10:44:04.000,104.21491,35.931756,104.20830945692995,35.9260078009324,104.205611,35.926219,0.0,339.0,17735.8,1.0,1,612042023200066,"{""1"":177358,""3"":0,""37"":16,""48"":80,""49"":34,""224"":""AC8="",""225"":177358,""226"":0,""227"":282574488338432,""228"":0,""229"":1639,""230"":0,""231"":0}",0.0,1879347316192227330,31.029180144247984,0.0,0.0
1764211444000,2025-11-27 10:44:04.000,104.214673,35.932234,104.20807282703744,35.92648326479171,104.205413,35.926693,1.0,0.0,20212.8,1.0,1,612042023200098,"{""1"":202128,""3"":0,""37"":0,""48"":80,""49"":19,""224"":""AC8="",""225"":202128,""226"":0,""227"":281474976710656,""228"":0,""229"":0,""230"":0,""231"":0}",0.292,1879353494011949057,0.0,0.0,0.0
1764211444000,2025-11-27 10:44:04.000,104.21499,35.931606,104.20838833445588,35.92585864891449,104.205726,35.926073,0.0,0.0,14783.7,1.0,1,612042023200085,"{""1"":147837,""3"":0,""37"":0,""48"":80,""49"":28,""224"":""AC8="",""225"":147837,""226"":0,""227"":281474976710656,""228"":0,""229"":0,""230"":0,""231"":0}",0.0,1879358279721201665,18.04173318299407,0.0,0.0
1764211444000,2025-11-27 10:44:04.000,104.214792,35.93202,104.20819164238392,35.926270038082826,104.205513,35.926482,0.0,0.0,17726.1,1.0,1,612042023200080,"{""1"":177261,""3"":0,""37"":0,""48"":80,""49"":34,""224"":""AC8="",""225"":177261,""226"":0,""227"":281474976710656,""228"":0,""229"":0,""230"":0,""231"":0}",0.0,1879364340897329154,26.011682445259105,0.0,0.0
1764211445000,2025-11-27 10:44:05.000,104.21491,35.931756,104.20830945692995,35.9260078009324,104.205611,35.926219,0.0,339.0,17735.8,1.0,1,612042023200066,"{""1"":177358,""3"":0,""37"":16,""48"":80,""49"":34,""224"":""AC8="",""225"":177358,""226"":0,""227"":282574488338432,""228"":0,""229"":1639,""230"":0,""231"":0}",0.0,1879347316192227330,31.029180144247984,0.0,0.0
1764211445000,2025-11-27 10:44:05.000,104.214673,35.932234,104.20807282703744,35.92648326479171,104.205413,35.926693,0.0,0.0,20212.8,1.0,1,612042023200098,"{""1"":202128,""3"":0,""37"":0,""48"":80,""49"":19,""224"":""AC8="",""225"":202128,""226"":0,""227"":281474976710656,""228"":0,""229"":0,""230"":0,""231"":0}",0.0,1879353494011949057,0.0,0.0,0.0
1764211445000,2025-11-27 10:44:05.000,104.21499,35.931606,104.20838833445588,35.92585864891449,104.205726,35.926073,0.0,0.0,14783.7,1.0,1,612042023200085,"{""1"":147837,""3"":0,""37"":0,""48"":80,""49"":29,""224"":""AC8="",""225"":147837,""226"":0,""227"":281474976710656,""228"":0,""229"":0,""230"":0,""231"":0}",0.0,1879358279721201665,18.04173318299407,0.0,0.0
1764211445000,2025-11-27 10:44:05.000,104.214792,35.93202,104.20819164238392,35.926270038082826,104.205513,35.926482,0.0,0.0,17726.1,1.0,1,612042023200080,"{""1"":177261,""3"":0,""37"":0,""48"":80,""49"":34,""224"":""AC8="",""225"":177261,""226"":0,""227"":281474976710656,""228"":0,""229"":0,""230"":0,""231"":0}",0.0,1879364340897329154,26.011682445259105,0.0,0.0
1764211446000,2025-11-27 10:44:06.000,104.21491,35.931756,104.20830945692995,35.9260078009324,104.205611,35.926219,0.0,339.0,17735.8,1.0,1,612042023200066,"{""1"":177358,""3"":0,""37"":16,""48"":80,""49"":34,""224"":""AC8="",""225"":177358,""226"":0,""227"":282574488338432,""228"":0,""229"":1639,""230"":0,""231"":0}",0.0,1879347316192227330,31.029180144247984,0.0,0.0
1764211446000,2025-11-27 10:44:06.000,104.214673,35.932235,104.2080728270922,35.926484265040735,104.205413,35.926694,1.0,0.0,20212.8,1.0,1,612042023200098,"{""1"":202128,""3"":0,""37"":0,""48"":80,""49"":19,""224"":""AC8="",""225"":202128,""226"":0,""227"":281474976710656,""228"":0,""229"":0,""230"":0,""231"":0}",0.111,1879353494011949057,0.0,0.0,0.0
1764211446000,2025-11-27 10:44:06.000,104.21499,35.931606,104.20838833445588,35.92585864891449,104.205726,35.926073,0.0,0.0,14783.7,1.0,1,612042023200085,"{""1"":147837,""3"":0,""37"":0,""48"":80,""49"":29,""224"":""AC8="",""225"":147837,""226"":0,""227"":281474976710656,""228"":0,""229"":0,""230"":0,""231"":0}",0.0,1879358279721201665,18.04173318299407,0.0,0.0
1764211446000,2025-11-27 10:44:06.000,104.214792,35.93202,104.20819164238392,35.926270038082826,104.205513,35.926482,0.0,0.0,17726.1,1.0,1,612042023200080,"{""1"":177261,""3"":0,""37"":0,""48"":80,""49"":34,""224"":""AC8="",""225"":177261,""226"":0,""227"":281474976710656,""228"":0,""229"":0,""230"":0,""231"":0}",0.0,1879364340897329154,26.1131002217816,0.0,0.0
1764211447000,2025-11-27 10:44:07.000,104.21491,35.931756,104.20830945692995,35.9260078009324,104.205611,35.926219,0.0,339.0,17735.8,1.0,1,612042023200066,"{""1"":177358,""3"":0,""37"":16,""48"":80,""49"":34,""224"":""AC8="",""225"":177358,""226"":0,""227"":282574488338432,""228"":0,""229"":1639,""230"":0,""231"":0}",0.0,1879347316192227330,31.029180144247984,0.0,0.0
1764211447000,2025-11-27 10:44:07.000,104.214674,35.932235,104.20807382563672,35.92648426358004,104.205414,35.926694,1.0,0.0,20212.8,1.0,1,612042023200098,"{""1"":202128,""3"":0,""37"":0,""48"":80,""49"":19,""224"":""AC8="",""225"":202128,""226"":0,""227"":281474976710656,""228"":0,""229"":0,""230"":0,""231"":0}",0.09,1879353494011949057,0.0,0.0,0.0
1764211447000,2025-11-27 10:44:07.000,104.21499,35.931606,104.20838833445588,35.92585864891449,104.205726,35.926073,0.0,0.0,14783.7,1.0,1,612042023200085,"{""1"":147837,""3"":0,""37"":0,""48"":80,""49"":28,""224"":""AC8="",""225"":147837,""226"":0,""227"":281474976710656,""228"":0,""229"":0,""230"":0,""231"":0}",0.0,1879358279721201665,18.04173318299407,0.0,0.0
1764211447000,2025-11-27 10:44:07.000,104.214792,35.93202,104.20819164238392,35.926270038082826,104.205513,35.926482,0.0,0.0,17726.1,1.0,1,612042023200080,"{""1"":177261,""3"":0,""37"":0,""48"":80,""49"":34,""224"":""AC8="",""225"":177261,""226"":0,""227"":281474976710656,""228"":0,""229"":0,""230"":0,""231"":0}",0.0,1879364340897329154,26.076244507029806,0.0,0.0
1764211448000,2025-11-27 10:44:08.000,104.21491,35.931756,104.20830945692995,35.9260078009324,104.20561,35.92622,0.0,339.0,17735.8,1.0,1,612042023200066,"{""1"":177358,""3"":0,""37"":16,""48"":80,""49"":34,""224"":""AC8="",""225"":177358,""226"":0,""227"":282574488338432,""228"":0,""229"":1639,""230"":0,""231"":0}",0.0,1879347316192227330,31.029180144247984,0.0,0.0
1764211448000,2025-11-27 10:44:08.000,104.214674,35.932236,104.2080738256915,35.92648526382907,104.205414,35.926695,1.0,0.0,20212.8,1.0,1,612042023200098,"{""1"":202128,""3"":0,""37"":0,""48"":80,""49"":19,""224"":""AC8="",""225"":202128,""226"":0,""227"":281474976710656,""228"":0,""229"":0,""230"":0,""231"":0}",0.111,1879353494011949057,0.0,0.0,0.0
1764211448000,2025-11-27 10:44:08.000,104.21499,35.931606,104.20838833445588,35.92585864891449,104.205726,35.926073,0.0,0.0,14783.7,1.0,1,612042023200085,"{""1"":147837,""3"":0,""37"":0,""48"":80,""49"":29,""224"":""AC8="",""225"":147837,""226"":0,""227"":281474976710656,""228"":0,""229"":0,""230"":0,""231"":0}",0.0,1879358279721201665,18.04173318299407,0.0,0.0
1764211448000,2025-11-27 10:44:08.000,104.214792,35.93202,104.20819164238392,35.926270038082826,104.205513,35.926482,0.0,0.0,17726.1,1.0,1,612042023200080,"{""1"":177261,""3"":0,""37"":0,""48"":80,""49"":34,""224"":""AC8="",""225"":177261,""226"":0,""227"":281474976710656,""228"":0,""229"":0,""230"":0,""231"":0}",0.0,1879364340897329154,26.17788404083828,0.0,0.0
1764211449000,2025-11-27 10:44:09.000,104.21491,35.931756,104.20830945692995,35.9260078009324,104.20561,35.92622,0.0,339.0,17735.8,1.0,1,612042023200066,"{""1"":177358,""3"":0,""37"":16,""48"":80,""49"":34,""224"":""AC8="",""225"":177358,""226"":0,""227"":282574488338432,""228"":0,""229"":1639,""230"":0,""231"":0}",0.0,1879347316192227330,31.029180144247984,0.0,0.0
1764211449000,2025-11-27 10:44:09.000,104.214674,35.932236,104.2080738256915,35.92648526382907,104.205413,35.926695,0.0,0.0,20212.8,1.0,1,612042023200098,"{""1"":202128,""3"":0,""37"":0,""48"":80,""49"":19,""224"":""AC8="",""225"":202128,""226"":0,""227"":281474976710656,""228"":0,""229"":0,""230"":0,""231"":0}",0.0,1879353494011949057,0.0,0.0,0.0
1764211449000,2025-11-27 10:44:09.000,104.21499,35.931606,104.20838833445588,35.92585864891449,104.205726,35.926073,0.0,0.0,14783.7,1.0,1,612042023200085,"{""1"":147837,""3"":0,""37"":0,""48"":80,""49"":29,""224"":""AC8="",""225"":147837,""226"":0,""227"":281474976710656,""228"":0,""229"":0,""230"":0,""231"":0}",0.0,1879358279721201665,18.04173318299407,0.0,0.0
1764211449000,2025-11-27 10:44:09.000,104.214792,35.93202,104.20819164238392,35.926270038082826,104.205513,35.926482,0.0,0.0,17726.1,1.0,1,612042023200080,"{""1"":177261,""3"":0,""37"":0,""48"":80,""49"":35,""224"":""AC8="",""225"":177261,""226"":0,""227"":281474976710656,""228"":0,""229"":0,""230"":0,""231"":0}",0.0,1879364340897329154,26.17788404083828,0.0,0.0
1764211450000,2025-11-27 10:44:10.000,104.21491,35.931756,104.20830945692995,35.9260078009324,104.20561,35.92622,0.0,339.0,17735.8,1.0,1,612042023200066,"{""1"":177358,""3"":0,""37"":16,""48"":80,""49"":34,""224"":""AC8="",""225"":177358,""226"":0,""227"":282574488338432,""228"":0,""229"":1639,""230"":0,""231"":0}",0.0,1879347316192227330,31.029180144247984,0.0,0.0
1764211450000,2025-11-27 10:44:10.000,104.214674,35.932236,104.2080738256915,35.92648526382907,104.205413,35.926694,0.0,0.0,20212.8,1.0,1,612042023200098,"{""1"":202128,""3"":0,""37"":0,""48"":80,""49"":19,""224"":""AC8="",""225"":202128,""226"":0,""227"":281474976710656,""228"":0,""229"":0,""230"":0,""231"":0}",0.0,1879353494011949057,0.0,0.0,0.0
1764211450000,2025-11-27 10:44:10.000,104.21499,35.931606,104.20838833445588,35.92585864891449,104.205726,35.926073,0.0,0.0,14783.7,1.0,1,612042023200085,"{""1"":147837,""3"":0,""37"":0,""48"":80,""49"":29,""224"":""AC8="",""225"":147837,""226"":0,""227"":281474976710656,""228"":0,""229"":0,""230"":0,""231"":0}",0.0,1879358279721201665,18.04173318299407,0.0,0.0
1764211450000,2025-11-27 10:44:10.000,104.214792,35.93202,104.20819164238392,35.926270038082826,104.205513,35.926482,0.0,0.0,17726.1,1.0,1,612042023200080,"{""1"":177261,""3"":0,""37"":0,""48"":80,""49"":35,""224"":""AC8="",""225"":177261,""226"":0,""227"":281474976710656,""228"":0,""229"":0,""230"":0,""231"":0}",0.0,1879364340897329154,26.17788404083828,0.0,0.0
1764211451000,2025-11-27 10:44:11.000,104.21491,35.931756,104.20830945692995,35.9260078009324,104.20561,35.92622,0.0,339.0,17735.8,1.0,1,612042023200066,"{""1"":177358,""3"":0,""37"":16,""48"":80,""49"":34,""224"":""AC8="",""225"":177358,""226"":0,""227"":282574488338432,""228"":0,""229"":1639,""230"":0,""231"":0}",0.0,1879347316192227330,31.029180144247984,0.0,0.0
1764211451000,2025-11-27 10:44:11.000,104.214674,35.932236,104.2080738256915,35.92648526382907,104.205413,35.926694,0.0,0.0,20212.8,1.0,1,612042023200098,"{""1"":202128,""3"":0,""37"":0,""48"":80,""49"":19,""224"":""AC8="",""225"":202128,""226"":0,""227"":281474976710656,""228"":0,""229"":0,""230"":0,""231"":0}",0.0,1879353494011949057,0.0,0.0,0.0
1764211451000,2025-11-27 10:44:11.000,104.21499,35.931606,104.20838833445588,35.92585864891449,104.205726,35.926073,0.0,0.0,14783.7,1.0,1,612042023200085,"{""1"":147837,""3"":0,""37"":0,""48"":80,""49"":29,""224"":""AC8="",""225"":147837,""226"":0,""227"":281474976710656,""228"":0,""229"":0,""230"":0,""231"":0}",0.0,1879358279721201665,18.04173318299407,0.0,0.0
1764211451000,2025-11-27 10:44:11.000,104.214792,35.93202,104.20819164238392,35.926270038082826,104.205513,35.926481,0.0,0.0,17726.1,1.0,1,612042023200080,"{""1"":177261,""3"":0,""37"":0,""48"":80,""49"":34,""224"":""AC8="",""225"":177261,""226"":0,""227"":281474976710656,""228"":0,""229"":0,""230"":0,""231"":0}",0.0,1879364340897329154,26.17788404083828,0.0,0.0
1764211452000,2025-11-27 10:44:12.000,104.21491,35.931756,104.20830945692995,35.9260078009324,104.20561,35.92622,0.0,339.0,17735.8,1.0,1,612042023200066,"{""1"":177358,""3"":0,""37"":16,""48"":80,""49"":34,""224"":""AC8="",""225"":177358,""226"":0,""227"":282574488338432,""228"":0,""229"":1639,""230"":0,""231"":0}",0.0,1879347316192227330,31.029180144247984,0.0,0.0
1764211452000,2025-11-27 10:44:12.000,104.214674,35.932236,104.2080738256915,35.92648526382907,104.205414,35.926694,0.0,0.0,20212.8,1.0,1,612042023200098,"{""1"":202128,""3"":0,""37"":0,""48"":80,""49"":19,""224"":""AC8="",""225"":202128,""226"":0,""227"":281474976710656,""228"":0,""229"":0,""230"":0,""231"":0}",0.0,1879353494011949057,0.0,0.0,0.0
1764211452000,2025-11-27 10:44:12.000,104.21499,35.931606,104.20838833445588,35.92585864891449,104.205726,35.926073,0.0,0.0,14783.7,1.0,1,612042023200085,"{""1"":147837,""3"":0,""37"":0,""48"":80,""49"":29,""224"":""AC8="",""225"":147837,""226"":0,""227"":281474976710656,""228"":0,""229"":0,""230"":0,""231"":0}",0.0,1879358279721201665,18.04173318299407,0.0,0.0
1764211452000,2025-11-27 10:44:12.000,104.214792,35.93202,104.20819164238392,35.926270038082826,104.205513,35.926481,0.0,0.0,17726.1,1.0,1,612042023200080,"{""1"":177261,""3"":0,""37"":0,""48"":80,""49"":34,""224"":""AC8="",""225"":177261,""226"":0,""227"":281474976710656,""228"":0,""229"":0,""230"":0,""231"":0}",0.0,1879364340897329154,26.17788404083828,0.0,0.0
1764211453000,2025-11-27 10:44:13.000,104.21491,35.931756,104.20830945692995,35.9260078009324,104.20561,35.92622,0.0,339.0,17735.8,1.0,1,612042023200066,"{""1"":177358,""3"":0,""37"":16,""48"":80,""49"":34,""224"":""AC8="",""225"":177358,""226"":0,""227"":282574488338432,""228"":0,""229"":1639,""230"":0,""231"":0}",0.0,1879347316192227330,31.029180144247984,0.0,0.0
1764211453000,2025-11-27 10:44:13.000,104.214674,35.932236,104.2080738256915,35.92648526382907,104.205414,35.926694,0.0,0.0,20212.8,1.0,1,612042023200098,"{""1"":202128,""3"":0,""37"":0,""48"":80,""49"":20,""224"":""AC8="",""225"":202128,""226"":0,""227"":281474976710656,""228"":0,""229"":0,""230"":0,""231"":0}",0.0,1879353494011949057,0.0,0.0,0.0
1764211453000,2025-11-27 10:44:13.000,104.21499,35.931606,104.20838833445588,35.92585864891449,104.205727,35.926073,0.0,0.0,14783.7,1.0,1,612042023200085,"{""1"":147837,""3"":0,""37"":0,""48"":80,""49"":29,""224"":""AC8="",""225"":147837,""226"":0,""227"":281474976710656,""228"":0,""229"":0,""230"":0,""231"":0}",0.0,1879358279721201665,18.04173318299407,0.0,0.0
1764211453000,2025-11-27 10:44:13.000,104.214792,35.93202,104.20819164238392,35.926270038082826,104.205513,35.926481,0.0,0.0,17726.1,1.0,1,612042023200080,"{""1"":177261,""3"":0,""37"":0,""48"":80,""49"":34,""224"":""AC8="",""225"":177261,""226"":0,""227"":281474976710656,""228"":0,""229"":0,""230"":0,""231"":0}",0.0,1879364340897329154,26.17788404083828,0.0,0.0
1764211454000,2025-11-27 10:44:14.000,104.21491,35.931756,104.20830945692995,35.9260078009324,104.20561,35.92622,0.0,339.0,17735.8,1.0,1,612042023200066,"{""1"":177358,""3"":0,""37"":16,""48"":80,""49"":34,""224"":""AC8="",""225"":177358,""226"":0,""227"":282574488338432,""228"":0,""229"":1639,""230"":0,""231"":0}",0.0,1879347316192227330,31.029180144247984,0.0,0.0
1764211454000,2025-11-27 10:44:14.000,104.214674,35.932236,104.2080738256915,35.92648526382907,104.205414,35.926695,0.0,0.0,20212.8,1.0,1,612042023200098,"{""1"":202128,""3"":0,""37"":0,""48"":80,""49"":19,""224"":""AC8="",""225"":202128,""226"":0,""227"":281474976710656,""228"":0,""229"":0,""230"":0,""231"":0}",0.0,1879353494011949057,0.0,0.0,0.0
1764211454000,2025-11-27 10:44:14.000,104.21499,35.931606,104.20838833445588,35.92585864891449,104.205727,35.926073,0.0,0.0,14783.7,1.0,1,612042023200085,"{""1"":147837,""3"":0,""37"":0,""48"":80,""49"":29,""224"":""AC8="",""225"":147837,""226"":0,""227"":281474976710656,""228"":0,""229"":0,""230"":0,""231"":0}",0.0,1879358279721201665,18.04173318299407,0.0,0.0
1764211454000,2025-11-27 10:44:14.000,104.214792,35.93202,104.20819164238392,35.926270038082826,104.205513,35.926481,0.0,0.0,17726.1,1.0,1,612042023200080,"{""1"":177261,""3"":0,""37"":0,""48"":80,""49"":34,""224"":""AC8="",""225"":177261,""226"":0,""227"":281474976710656,""228"":0,""229"":0,""230"":0,""231"":0}",0.0,1879364340897329154,26.17788404083828,0.0,0.0
1764211455000,2025-11-27 10:44:15.000,104.21491,35.931756,104.20830945692995,35.9260078009324,104.20561,35.92622,0.0,339.0,17735.8,1.0,1,612042023200066,"{""1"":177358,""3"":0,""37"":16,""48"":80,""49"":34,""224"":""AC8="",""225"":177358,""226"":0,""227"":282574488338432,""228"":0,""229"":1639,""230"":0,""231"":0}",0.0,1879347316192227330,31.029180144247984,0.0,0.0
1764211455000,2025-11-27 10:44:15.000,104.214674,35.932236,104.2080738256915,35.92648526382907,104.205414,35.926695,1.0,0.0,20212.8,1.0,1,612042023200098,"{""1"":202128,""3"":0,""37"":0,""48"":80,""49"":19,""224"":""AC8="",""225"":202128,""226"":0,""227"":281474976710656,""228"":0,""229"":0,""230"":0,""231"":0}",0.0,1879353494011949057,0.0,0.0,0.0
1764211455000,2025-11-27 10:44:15.000,104.21499,35.931606,104.20838833445588,35.92585864891449,104.205727,35.926073,0.0,0.0,14783.7,1.0,1,612042023200085,"{""1"":147837,""3"":0,""37"":0,""48"":80,""49"":28,""224"":""AC8="",""225"":147837,""226"":0,""227"":281474976710656,""228"":0,""229"":0,""230"":0,""231"":0}",0.0,1879358279721201665,18.04173318299407,0.0,0.0
1764211455000,2025-11-27 10:44:15.000,104.214792,35.93202,104.20819164238392,35.926270038082826,104.205513,35.926481,0.0,0.0,17726.1,1.0,1,612042023200080,"{""1"":177261,""3"":0,""37"":0,""48"":80,""49"":34,""224"":""AC8="",""225"":177261,""226"":0,""227"":281474976710656,""228"":0,""229"":0,""230"":0,""231"":0}",0.0,1879364340897329154,26.17788404083828,0.0,0.0
1764211456000,2025-11-27 10:44:16.000,104.21491,35.931756,104.20830945692995,35.9260078009324,104.20561,35.92622,0.0,339.0,17735.8,1.0,1,612042023200066,"{""1"":177358,""3"":0,""37"":16,""48"":80,""49"":34,""224"":""AC8="",""225"":177358,""226"":0,""227"":282574488338432,""228"":0,""229"":1639,""230"":0,""231"":0}",0.0,1879347316192227330,31.029180144247984,0.0,0.0
1764211456000,2025-11-27 10:44:16.000,104.214674,35.932236,104.2080738256915,35.92648526382907,104.205413,35.926695,0.0,0.0,20212.8,1.0,1,612042023200098,"{""1"":202128,""3"":0,""37"":0,""48"":80,""49"":19,""224"":""AC8="",""225"":202128,""226"":0,""227"":281474976710656,""228"":0,""229"":0,""230"":0,""231"":0}",0.0,1879353494011949057,0.0,0.0,0.0
1764211456000,2025-11-27 10:44:16.000,104.21499,35.931606,104.20838833445588,35.92585864891449,104.205726,35.926074,0.0,0.0,14783.7,1.0,1,612042023200085,"{""1"":147837,""3"":0,""37"":0,""48"":80,""49"":27,""224"":""AC8="",""225"":147837,""226"":0,""227"":281474976710656,""228"":0,""229"":0,""230"":0,""231"":0}",0.0,1879358279721201665,18.04173318299407,0.0,0.0
1764211456000,2025-11-27 10:44:16.000,104.214792,35.93202,104.20819164238392,35.926270038082826,104.205513,35.926481,0.0,0.0,17726.1,1.0,1,612042023200080,"{""1"":177261,""3"":0,""37"":0,""48"":80,""49"":33,""224"":""AC8="",""225"":177261,""226"":0,""227"":281474976710656,""228"":0,""229"":0,""230"":0,""231"":0}",0.0,1879364340897329154,26.17788404083828,0.0,0.0
1764211457000,2025-11-27 10:44:17.000,104.21491,35.931756,104.20830945692995,35.9260078009324,104.20561,35.926221,0.0,339.0,17735.8,1.0,1,612042023200066,"{""1"":177358,""3"":0,""37"":16,""48"":80,""49"":34,""224"":""AC8="",""225"":177358,""226"":0,""227"":282574488338432,""228"":0,""229"":1639,""230"":0,""231"":0}",0.0,1879347316192227330,31.029180144247984,0.0,0.0
1764211457000,2025-11-27 10:44:17.000,104.214674,35.932236,104.2080738256915,35.92648526382907,104.205413,35.926694,0.0,0.0,20212.8,1.0,1,612042023200098,"{""1"":202128,""3"":0,""37"":0,""48"":80,""49"":19,""224"":""AC8="",""225"":202128,""226"":0,""227"":281474976710656,""228"":0,""229"":0,""230"":0,""231"":0}",0.0,1879353494011949057,0.0,0.0,0.0
1764211457000,2025-11-27 10:44:17.000,104.21499,35.931606,104.20838833445588,35.92585864891449,104.205726,35.926074,0.0,0.0,14783.7,1.0,1,612042023200085,"{""1"":147837,""3"":0,""37"":0,""48"":80,""49"":29,""224"":""AC8="",""225"":147837,""226"":0,""227"":281474976710656,""228"":0,""229"":0,""230"":0,""231"":0}",0.0,1879358279721201665,18.04173318299407,0.0,0.0
1764211457000,2025-11-27 10:44:17.000,104.214792,35.93202,104.20819164238392,35.926270038082826,104.205513,35.926481,0.0,0.0,17726.1,1.0,1,612042023200080,"{""1"":177261,""3"":0,""37"":0,""48"":80,""49"":33,""224"":""AC8="",""225"":177261,""226"":0,""227"":281474976710656,""228"":0,""229"":0,""230"":0,""231"":0}",0.0,1879364340897329154,26.17788404083828,0.0,0.0
1764211458000,2025-11-27 10:44:18.000,104.21491,35.931756,104.20830945692995,35.9260078009324,104.20561,35.926221,0.0,339.0,17735.8,1.0,1,612042023200066,"{""1"":177358,""3"":0,""37"":16,""48"":80,""49"":34,""224"":""AC8="",""225"":177358,""226"":0,""227"":282574488338432,""228"":0,""229"":1639,""230"":0,""231"":0}",0.0,1879347316192227330,31.029180144247984,0.0,0.0
1764211458000,2025-11-27 10:44:18.000,104.214674,35.932236,104.2080738256915,35.92648526382907,104.205413,35.926693,0.0,0.0,20212.8,1.0,1,612042023200098,"{""1"":202128,""3"":0,""37"":0,""48"":80,""49"":19,""224"":""AC8="",""225"":202128,""226"":0,""227"":281474976710656,""228"":0,""229"":0,""230"":0,""231"":0}",0.0,1879353494011949057,0.0,0.0,0.0
1764211458000,2025-11-27 10:44:18.000,104.21499,35.931606,104.20838833445588,35.92585864891449,104.205726,35.926074,0.0,0.0,14783.7,1.0,1,612042023200085,"{""1"":147837,""3"":0,""37"":0,""48"":80,""49"":29,""224"":""AC8="",""225"":147837,""226"":0,""227"":281474976710656,""228"":0,""229"":0,""230"":0,""231"":0}",0.0,1879358279721201665,18.04173318299407,0.0,0.0
1764211458000,2025-11-27 10:44:18.000,104.214792,35.93202,104.20819164238392,35.926270038082826,104.205512,35.926481,0.0,0.0,17726.1,1.0,1,612042023200080,"{""1"":177261,""3"":0,""37"":0,""48"":80,""49"":34,""224"":""AC8="",""225"":177261,""226"":0,""227"":281474976710656,""228"":0,""229"":0,""230"":0,""231"":0}",0.0,1879364340897329154,26.17788404083828,0.0,0.0
1764211459000,2025-11-27 10:44:19.000,104.21491,35.931756,104.20830945692995,35.9260078009324,104.20561,35.926221,0.0,339.0,17735.8,1.0,1,612042023200066,"{""1"":177358,""3"":0,""37"":16,""48"":80,""49"":34,""224"":""AC8="",""225"":177358,""226"":0,""227"":282574488338432,""228"":0,""229"":1639,""230"":0,""231"":0}",0.0,1879347316192227330,31.029180144247984,0.0,0.0
1764211459000,2025-11-27 10:44:19.000,104.214674,35.932234,104.20807382558196,35.926483263331015,104.205414,35.926693,1.0,0.0,20212.8,1.0,1,612042023200098,"{""1"":202128,""3"":0,""37"":0,""48"":80,""49"":20,""224"":""AC8="",""225"":202128,""226"":0,""227"":281474976710656,""228"":0,""229"":0,""230"":0,""231"":0}",0.222,1879353494011949057,0.0,0.0,0.0
1764211459000,2025-11-27 10:44:19.000,104.21499,35.931606,104.20838833445588,35.92585864891449,104.205726,35.926074,0.0,0.0,14783.7,1.0,1,612042023200085,"{""1"":147837,""3"":0,""37"":0,""48"":80,""49"":29,""224"":""AC8="",""225"":147837,""226"":0,""227"":281474976710656,""228"":0,""229"":0,""230"":0,""231"":0}",0.0,1879358279721201665,18.04173318299407,0.0,0.0
1764211459000,2025-11-27 10:44:19.000,104.214792,35.93202,104.20819164238392,35.926270038082826,104.205512,35.926481,0.0,0.0,17726.1,1.0,1,612042023200080,"{""1"":177261,""3"":0,""37"":0,""48"":80,""49"":34,""224"":""AC8="",""225"":177261,""226"":0,""227"":281474976710656,""228"":0,""229"":0,""230"":0,""231"":0}",0.0,1879364340897329154,25.974683505525192,0.0,0.0
1764211460000,2025-11-27 10:44:20.000,104.21491,35.931756,104.20830945692995,35.9260078009324,104.20561,35.926221,0.0,339.0,17735.8,1.0,1,612042023200066,"{""1"":177358,""3"":0,""37"":16,""48"":80,""49"":34,""224"":""AC8="",""225"":177358,""226"":0,""227"":282574488338432,""228"":0,""229"":1639,""230"":0,""231"":0}",0.0,1879347316192227330,31.029180144247984,0.0,0.0
1764211460000,2025-11-27 10:44:20.000,104.214674,35.932234,104.20807382558196,35.926483263331015,104.205414,35.926694,0.0,0.0,20212.8,1.0,1,612042023200098,"{""1"":202128,""3"":0,""37"":0,""48"":80,""49"":19,""224"":""AC8="",""225"":202128,""226"":0,""227"":281474976710656,""228"":0,""229"":0,""230"":0,""231"":0}",0.0,1879353494011949057,0.0,0.0,0.0
1764211460000,2025-11-27 10:44:20.000,104.21499,35.931606,104.20838833445588,35.92585864891449,104.205726,35.926074,0.0,0.0,14783.7,1.0,1,612042023200085,"{""1"":147837,""3"":0,""37"":0,""48"":80,""49"":29,""224"":""AC8="",""225"":147837,""226"":0,""227"":281474976710656,""228"":0,""229"":0,""230"":0,""231"":0}",0.0,1879358279721201665,18.04173318299407,0.0,0.0
1764211460000,2025-11-27 10:44:20.000,104.214792,35.93202,104.20819164238392,35.926270038082826,104.205512,35.926481,0.0,0.0,17726.1,1.0,1,612042023200080,"{""1"":177261,""3"":0,""37"":0,""48"":80,""49"":34,""224"":""AC8="",""225"":177261,""226"":0,""227"":281474976710656,""228"":0,""229"":0,""230"":0,""231"":0}",0.0,1879364340897329154,25.974683505525192,0.0,0.0
1764211461000,2025-11-27 10:44:21.000,104.21491,35.931756,104.20830945692995,35.9260078009324,104.20561,35.926221,0.0,339.0,17735.8,1.0,1,612042023200066,"{""1"":177358,""3"":0,""37"":16,""48"":80,""49"":34,""224"":""AC8="",""225"":177358,""226"":0,""227"":282574488338432,""228"":0,""229"":1639,""230"":0,""231"":0}",0.0,1879347316192227330,31.029180144247984,0.0,0.0
1764211461000,2025-11-27 10:44:21.000,104.214674,35.932234,104.20807382558196,35.926483263331015,104.205414,35.926694,0.0,0.0,20212.8,1.0,1,612042023200098,"{""1"":202128,""3"":0,""37"":0,""48"":80,""49"":19,""224"":""AC8="",""225"":202128,""226"":0,""227"":281474976710656,""228"":0,""229"":0,""230"":0,""231"":0}",0.0,1879353494011949057,0.0,0.0,0.0
1764211461000,2025-11-27 10:44:21.000,104.21499,35.931606,104.20838833445588,35.92585864891449,104.205726,35.926074,0.0,0.0,14783.7,1.0,1,612042023200085,"{""1"":147837,""3"":0,""37"":0,""48"":80,""49"":29,""224"":""AC8="",""225"":147837,""226"":0,""227"":281474976710656,""228"":0,""229"":0,""230"":0,""231"":0}",0.0,1879358279721201665,18.04173318299407,0.0,0.0
1764211461000,2025-11-27 10:44:21.000,104.214792,35.93202,104.20819164238392,35.926270038082826,104.205512,35.926481,0.0,0.0,17726.1,1.0,1,612042023200080,"{""1"":177261,""3"":0,""37"":0,""48"":80,""49"":34,""224"":""AC8="",""225"":177261,""226"":0,""227"":281474976710656,""228"":0,""229"":0,""230"":0,""231"":0}",0.0,1879364340897329154,25.974683505525192,0.0,0.0
1764211462000,2025-11-27 10:44:22.000,104.21491,35.931756,104.20830945692995,35.9260078009324,104.20561,35.926221,0.0,339.0,17735.8,1.0,1,612042023200066,"{""1"":177358,""3"":0,""37"":16,""48"":80,""49"":34,""224"":""AC8="",""225"":177358,""226"":0,""227"":282574488338432,""228"":0,""229"":1639,""230"":0,""231"":0}",0.0,1879347316192227330,31.029180144247984,0.0,0.0
1764211462000,2025-11-27 10:44:22.000,104.214675,35.932236,104.20807482423604,35.926485262368395,104.205415,35.926695,1.0,0.0,20212.8,1.0,1,612042023200098,"{""1"":202128,""3"":0,""37"":0,""48"":80,""49"":19,""224"":""AC8="",""225"":202128,""226"":0,""227"":281474976710656,""228"":0,""229"":0,""230"":0,""231"":0}",0.24,1879353494011949057,0.0,0.0,0.0
1764211462000,2025-11-27 10:44:22.000,104.21499,35.931606,104.20838833445588,35.92585864891449,104.205726,35.926074,0.0,0.0,14783.7,1.0,1,612042023200085,"{""1"":147837,""3"":0,""37"":0,""48"":80,""49"":29,""224"":""AC8="",""225"":147837,""226"":0,""227"":281474976710656,""228"":0,""229"":0,""230"":0,""231"":0}",0.0,1879358279721201665,18.04173318299407,0.0,0.0
1764211462000,2025-11-27 10:44:22.000,104.214792,35.93202,104.20819164238392,35.926270038082826,104.205512,35.926481,0.0,0.0,17726.1,1.0,1,612042023200080,"{""1"":177261,""3"":0,""37"":0,""48"":80,""49"":34,""224"":""AC8="",""225"":177261,""226"":0,""227"":281474976710656,""228"":0,""229"":0,""230"":0,""231"":0}",0.0,1879364340897329154,26.141428236989906,0.0,0.0
1764211463000,2025-11-27 10:44:23.000,104.21491,35.931756,104.20830945692995,35.9260078009324,104.20561,35.926221,0.0,339.0,17735.8,1.0,1,612042023200066,"{""1"":177358,""3"":0,""37"":16,""48"":80,""49"":33,""224"":""AC8="",""225"":177358,""226"":0,""227"":282574488338432,""228"":0,""229"":1639,""230"":0,""231"":0}",0.0,1879347316192227330,31.029180144247984,0.0,0.0
1764211463000,2025-11-27 10:44:23.000,104.214673,35.932235,104.2080728270922,35.926484265040735,104.205413,35.926694,1.0,0.0,20212.8,1.0,1,612042023200098,"{""1"":202128,""3"":0,""37"":0,""48"":80,""49"":19,""224"":""AC8="",""225"":202128,""226"":0,""227"":281474976710656,""228"":0,""229"":0,""230"":0,""231"":0}",0.211,1879353494011949057,0.0,0.0,0.0
1764211463000,2025-11-27 10:44:23.000,104.21499,35.931606,104.20838833445588,35.92585864891449,104.205726,35.926074,0.0,0.0,14783.7,1.0,1,612042023200085,"{""1"":147837,""3"":0,""37"":0,""48"":80,""49"":28,""224"":""AC8="",""225"":147837,""226"":0,""227"":281474976710656,""228"":0,""229"":0,""230"":0,""231"":0}",0.0,1879358279721201665,18.04173318299407,0.0,0.0
1764211463000,2025-11-27 10:44:23.000,104.214792,35.93202,104.20819164238392,35.926270038082826,104.205512,35.926481,0.0,0.0,17726.1,1.0,1,612042023200080,"{""1"":177261,""3"":0,""37"":0,""48"":80,""49"":34,""224"":""AC8="",""225"":177261,""226"":0,""227"":281474976710656,""228"":0,""229"":0,""230"":0,""231"":0}",0.0,1879364340897329154,26.1131002217816,0.0,0.0
1764211464000,2025-11-27 10:44:24.000,104.21491,35.931756,104.20830945692995,35.9260078009324,104.205611,35.926221,0.0,339.0,17735.8,1.0,1,612042023200066,"{""1"":177358,""3"":0,""37"":16,""48"":80,""49"":33,""224"":""AC8="",""225"":177358,""226"":0,""227"":282574488338432,""228"":0,""229"":1639,""230"":0,""231"":0}",0.0,1879347316192227330,31.029180144247984,0.0,0.0
1764211464000,2025-11-27 10:44:24.000,104.214673,35.932235,104.2080728270922,35.926484265040735,104.205414,35.926694,0.0,0.0,20212.8,1.0,1,612042023200098,"{""1"":202128,""3"":0,""37"":0,""48"":80,""49"":19,""224"":""AC8="",""225"":202128,""226"":0,""227"":281474976710656,""228"":0,""229"":0,""230"":0,""231"":0}",0.0,1879353494011949057,0.0,0.0,0.0
1764211464000,2025-11-27 10:44:24.000,104.21499,35.931606,104.20838833445588,35.92585864891449,104.205726,35.926074,0.0,0.0,14783.7,1.0,1,612042023200085,"{""1"":147837,""3"":0,""37"":0,""48"":80,""49"":28,""224"":""AC8="",""225"":147837,""226"":0,""227"":281474976710656,""228"":0,""229"":0,""230"":0,""231"":0}",0.0,1879358279721201665,18.04173318299407,0.0,0.0
1764211464000,2025-11-27 10:44:24.000,104.214792,35.93202,104.20819164238392,35.926270038082826,104.205512,35.926481,0.0,0.0,17726.1,1.0,1,612042023200080,"{""1"":177261,""3"":0,""37"":0,""48"":80,""49"":33,""224"":""AC8="",""225"":177261,""226"":0,""227"":281474976710656,""228"":0,""229"":0,""230"":0,""231"":0}",0.0,1879364340897329154,26.1131002217816,0.0,0.0
1764211465000,2025-11-27 10:44:25.000,104.21491,35.931756,104.20830945692995,35.9260078009324,104.205611,35.926222,0.0,339.0,17735.8,1.0,1,612042023200066,"{""1"":177358,""3"":0,""37"":16,""48"":80,""49"":34,""224"":""AC8="",""225"":177358,""226"":0,""227"":282574488338432,""228"":0,""229"":1639,""230"":0,""231"":0}",0.0,1879347316192227330,31.029180144247984,0.0,0.0
1764211465000,2025-11-27 10:44:25.000,104.214676,35.932234,104.20807582267108,35.9264832604097,104.205416,35.926693,1.0,0.0,20212.8,1.0,1,612042023200098,"{""1"":202128,""3"":0,""37"":0,""48"":80,""49"":20,""224"":""AC8="",""225"":202128,""226"":0,""227"":281474976710656,""228"":0,""229"":0,""230"":0,""231"":0}",0.292,1879353494011949057,0.0,0.0,0.0
1764211465000,2025-11-27 10:44:25.000,104.21499,35.931606,104.20838833445588,35.92585864891449,104.205726,35.926074,0.0,0.0,14783.7,1.0,1,612042023200085,"{""1"":147837,""3"":0,""37"":0,""48"":80,""49"":28,""224"":""AC8="",""225"":147837,""226"":0,""227"":281474976710656,""228"":0,""229"":0,""230"":0,""231"":0}",0.0,1879358279721201665,18.04173318299407,0.0,0.0
1764211465000,2025-11-27 10:44:25.000,104.214792,35.93202,104.20819164238392,35.926270038082826,104.205512,35.926481,0.0,0.0,17726.1,1.0,1,612042023200080,"{""1"":177261,""3"":0,""37"":0,""48"":80,""49"":33,""224"":""AC8="",""225"":177261,""226"":0,""227"":281474976710656,""228"":0,""229"":0,""230"":0,""231"":0}",0.0,1879364340897329154,25.901463418304903,0.0,0.0
1764211466000,2025-11-27 10:44:26.000,104.21491,35.931756,104.20830945692995,35.9260078009324,104.205611,35.926222,0.0,339.0,17735.8,1.0,1,612042023200066,"{""1"":177358,""3"":0,""37"":16,""48"":80,""49"":34,""224"":""AC8="",""225"":177358,""226"":0,""227"":282574488338432,""228"":0,""229"":1639,""230"":0,""231"":0}",0.0,1879347316192227330,31.029180144247984,0.0,0.0
1764211466000,2025-11-27 10:44:26.000,104.214675,35.932234,104.20807482412653,35.926483261870345,104.205415,35.926693,1.0,0.0,20212.8,1.0,1,612042023200098,"{""1"":202128,""3"":0,""37"":0,""48"":80,""49"":20,""224"":""AC8="",""225"":202128,""226"":0,""227"":281474976710656,""228"":0,""229"":0,""230"":0,""231"":0}",0.09,1879353494011949057,0.0,0.0,0.0
1764211466000,2025-11-27 10:44:26.000,104.21499,35.931606,104.20838833445588,35.92585864891449,104.205727,35.926074,0.0,0.0,14783.7,1.0,1,612042023200085,"{""1"":147837,""3"":0,""37"":0,""48"":80,""49"":29,""224"":""AC8="",""225"":147837,""226"":0,""227"":281474976710656,""228"":0,""229"":0,""230"":0,""231"":0}",0.0,1879358279721201665,18.04173318299407,0.0,0.0
1764211466000,2025-11-27 10:44:26.000,104.214792,35.93202,104.20819164238392,35.926270038082826,104.205512,35.926481,0.0,0.0,17726.1,1.0,1,612042023200080,"{""1"":177261,""3"":0,""37"":0,""48"":80,""49"":33,""224"":""AC8="",""225"":177261,""226"":0,""227"":281474976710656,""228"":0,""229"":0,""230"":0,""231"":0}",0.0,1879364340897329154,25.937943462181902,0.0,0.0
1764211467000,2025-11-27 10:44:27.000,104.21491,35.931756,104.20830945692995,35.9260078009324,104.205611,35.926222,0.0,339.0,17735.8,1.0,1,612042023200066,"{""1"":177358,""3"":0,""37"":16,""48"":80,""49"":34,""224"":""AC8="",""225"":177358,""226"":0,""227"":282574488338432,""228"":0,""229"":1639,""230"":0,""231"":0}",0.0,1879347316192227330,31.029180144247984,0.0,0.0
1764211467000,2025-11-27 10:44:27.000,104.214675,35.932234,104.20807482412653,35.926483261870345,104.205413,35.926694,0.0,0.0,20212.8,1.0,1,612042023200098,"{""1"":202128,""3"":0,""37"":0,""48"":80,""49"":19,""224"":""AC8="",""225"":202128,""226"":0,""227"":281474976710656,""228"":0,""229"":0,""230"":0,""231"":0}",0.0,1879353494011949057,0.0,0.0,0.0
1764211467000,2025-11-27 10:44:27.000,104.21499,35.931606,104.20838833445588,35.92585864891449,104.205727,35.926074,0.0,0.0,14783.7,1.0,1,612042023200085,"{""1"":147837,""3"":0,""37"":0,""48"":80,""49"":29,""224"":""AC8="",""225"":147837,""226"":0,""227"":281474976710656,""228"":0,""229"":0,""230"":0,""231"":0}",0.0,1879358279721201665,18.04173318299407,0.0,0.0
1764211467000,2025-11-27 10:44:27.000,104.214792,35.93202,104.20819164238392,35.926270038082826,104.205511,35.926481,0.0,0.0,17726.1,1.0,1,612042023200080,"{""1"":177261,""3"":0,""37"":0,""48"":80,""49"":33,""224"":""AC8="",""225"":177261,""226"":0,""227"":281474976710656,""228"":0,""229"":0,""230"":0,""231"":0}",0.0,1879364340897329154,25.937943462181902,0.0,0.0
1764211468000,2025-11-27 10:44:28.000,104.21491,35.931756,104.20830945692995,35.9260078009324,104.205611,35.926222,0.0,339.0,17735.8,1.0,1,612042023200066,"{""1"":177358,""3"":0,""37"":16,""48"":80,""49"":34,""224"":""AC8="",""225"":177358,""226"":0,""227"":282574488338432,""228"":0,""229"":1639,""230"":0,""231"":0}",0.0,1879347316192227330,31.029180144247984,0.0,0.0
1764211468000,2025-11-27 10:44:28.000,104.214673,35.932235,104.2080728270922,35.926484265040735,104.205413,35.926694,1.0,0.0,20212.8,1.0,1,612042023200098,"{""1"":202128,""3"":0,""37"":0,""48"":80,""49"":19,""224"":""AC8="",""225"":202128,""226"":0,""227"":281474976710656,""228"":0,""229"":0,""230"":0,""231"":0}",0.212,1879353494011949057,0.0,0.0,0.0
1764211468000,2025-11-27 10:44:28.000,104.21499,35.931606,104.20838833445588,35.92585864891449,104.205726,35.926074,0.0,0.0,14783.7,1.0,1,612042023200085,"{""1"":147837,""3"":0,""37"":0,""48"":80,""49"":28,""224"":""AC8="",""225"":147837,""226"":0,""227"":281474976710656,""228"":0,""229"":0,""230"":0,""231"":0}",0.0,1879358279721201665,18.04173318299407,0.0,0.0
1764211468000,2025-11-27 10:44:28.000,104.214792,35.93202,104.20819164238392,35.926270038082826,104.205511,35.926481,0.0,0.0,17726.1,1.0,1,612042023200080,"{""1"":177261,""3"":0,""37"":0,""48"":80,""49"":33,""224"":""AC8="",""225"":177261,""226"":0,""227"":281474976710656,""228"":0,""229"":0,""230"":0,""231"":0}",0.0,1879364340897329154,26.1131002217816,0.0,0.0
1764211469000,2025-11-27 10:44:29.000,104.21491,35.931756,104.20830945692995,35.9260078009324,104.205612,35.926222,0.0,339.0,17735.8,1.0,1,612042023200066,"{""1"":177358,""3"":0,""37"":16,""48"":80,""49"":34,""224"":""AC8="",""225"":177358,""226"":0,""227"":282574488338432,""228"":0,""229"":1639,""230"":0,""231"":0}",0.0,1879347316192227330,31.029180144247984,0.0,0.0
1764211469000,2025-11-27 10:44:29.000,104.214673,35.932233,104.20807282698269,35.926482264542685,104.205413,35.926692,1.0,0.0,20212.8,1.0,1,612042023200098,"{""1"":202128,""3"":0,""37"":0,""48"":80,""49"":20,""224"":""AC8="",""225"":202128,""226"":0,""227"":281474976710656,""228"":0,""229"":0,""230"":0,""231"":0}",0.222,1879353494011949057,0.0,0.0,0.0
1764211469000,2025-11-27 10:44:29.000,104.21499,35.931606,104.20838833445588,35.92585864891449,104.205726,35.926074,0.0,0.0,14783.7,1.0,1,612042023200085,"{""1"":147837,""3"":0,""37"":0,""48"":80,""49"":28,""224"":""AC8="",""225"":147837,""226"":0,""227"":281474976710656,""228"":0,""229"":0,""230"":0,""231"":0}",0.0,1879358279721201665,18.04173318299407,0.0,0.0
1764211469000,2025-11-27 10:44:29.000,104.214792,35.93202,104.20819164238392,35.926270038082826,104.205511,35.926481,0.0,0.0,17726.1,1.0,1,612042023200080,"{""1"":177261,""3"":0,""37"":0,""48"":80,""49"":34,""224"":""AC8="",""225"":177261,""226"":0,""227"":281474976710656,""228"":0,""229"":0,""230"":0,""231"":0}",0.0,1879364340897329154,25.910345134266766,0.0,0.0
1764211470000,2025-11-27 10:44:30.000,104.21491,35.931756,104.20830945692995,35.9260078009324,104.205612,35.926223,0.0,339.0,17735.8,1.0,1,612042023200066,"{""1"":177358,""3"":0,""37"":16,""48"":80,""49"":34,""224"":""AC8="",""225"":177358,""226"":0,""227"":282574488338432,""228"":0,""229"":1639,""230"":0,""231"":0}",0.0,1879347316192227330,31.029180144247984,0.0,0.0
1764211470000,2025-11-27 10:44:30.000,104.214674,35.932233,104.2080738255272,35.926482263081986,104.205414,35.926692,1.0,0.0,20212.8,1.0,1,612042023200098,"{""1"":202128,""3"":0,""37"":0,""48"":80,""49"":19,""224"":""AC8="",""225"":202128,""226"":0,""227"":281474976710656,""228"":0,""229"":0,""230"":0,""231"":0}",0.09,1879353494011949057,0.0,0.0,0.0
1764211470000,2025-11-27 10:44:30.000,104.21499,35.931606,104.20838833445588,35.92585864891449,104.205726,35.926074,0.0,0.0,14783.7,1.0,1,612042023200085,"{""1"":147837,""3"":0,""37"":0,""48"":80,""49"":28,""224"":""AC8="",""225"":147837,""226"":0,""227"":281474976710656,""228"":0,""229"":0,""230"":0,""231"":0}",0.0,1879358279721201665,18.04173318299407,0.0,0.0
1764211470000,2025-11-27 10:44:30.000,104.214792,35.93202,104.20819164238392,35.926270038082826,104.205511,35.926481,0.0,0.0,17726.1,1.0,1,612042023200080,"{""1"":177261,""3"":0,""37"":0,""48"":80,""49"":33,""224"":""AC8="",""225"":177261,""226"":0,""227"":281474976710656,""228"":0,""229"":0,""230"":0,""231"":0}",0.0,1879364340897329154,25.873201962695365,0.0,0.0
1764211471000,2025-11-27 10:44:31.000,104.21491,35.931756,104.20830945692995,35.9260078009324,104.205612,35.926223,0.0,339.0,17735.8,1.0,1,612042023200066,"{""1"":177358,""3"":0,""37"":16,""48"":80,""49"":34,""224"":""AC8="",""225"":177358,""226"":0,""227"":282574488338432,""228"":0,""229"":1639,""230"":0,""231"":0}",0.0,1879347316192227330,31.029180144247984,0.0,0.0
1764211471000,2025-11-27 10:44:31.000,104.214674,35.932233,104.2080738255272,35.926482263081986,104.205414,35.926694,0.0,0.0,20212.8,1.0,1,612042023200098,"{""1"":202128,""3"":0,""37"":0,""48"":80,""49"":20,""224"":""AC8="",""225"":202128,""226"":0,""227"":281474976710656,""228"":0,""229"":0,""230"":0,""231"":0}",0.0,1879353494011949057,0.0,0.0,0.0
1764211471000,2025-11-27 10:44:31.000,104.21499,35.931606,104.20838833445588,35.92585864891449,104.205726,35.926074,0.0,0.0,14783.7,1.0,1,612042023200085,"{""1"":147837,""3"":0,""37"":0,""48"":80,""49"":28,""224"":""AC8="",""225"":147837,""226"":0,""227"":281474976710656,""228"":0,""229"":0,""230"":0,""231"":0}",0.0,1879358279721201665,18.04173318299407,0.0,0.0
1764211471000,2025-11-27 10:44:31.000,104.214792,35.93202,104.20819164238392,35.926270038082826,104.205511,35.926481,0.0,0.0,17726.1,1.0,1,612042023200080,"{""1"":177261,""3"":0,""37"":0,""48"":80,""49"":34,""224"":""AC8="",""225"":177261,""226"":0,""227"":281474976710656,""228"":0,""229"":0,""230"":0,""231"":0}",0.0,1879364340897329154,25.873201962695365,0.0,0.0
1764211472000,2025-11-27 10:44:32.000,104.21491,35.931756,104.20830945692995,35.9260078009324,104.205613,35.926223,0.0,339.0,17735.8,1.0,1,612042023200066,"{""1"":177358,""3"":0,""37"":16,""48"":80,""49"":34,""224"":""AC8="",""225"":177358,""226"":0,""227"":282574488338432,""228"":0,""229"":1639,""230"":0,""231"":0}",0.0,1879347316192227330,31.029180144247984,0.0,0.0
1764211472000,2025-11-27 10:44:32.000,104.214674,35.932235,104.20807382563672,35.92648426358004,104.205414,35.926694,1.0,0.0,20212.8,1.0,1,612042023200098,"{""1"":202128,""3"":0,""37"":0,""48"":80,""49"":19,""224"":""AC8="",""225"":202128,""226"":0,""227"":281474976710656,""228"":0,""229"":0,""230"":0,""231"":0}",0.222,1879353494011949057,0.0,0.0,0.0
1764211472000,2025-11-27 10:44:32.000,104.21499,35.931606,104.20838833445588,35.92585864891449,104.205726,35.926074,0.0,0.0,14783.7,1.0,1,612042023200085,"{""1"":147837,""3"":0,""37"":0,""48"":80,""49"":28,""224"":""AC8="",""225"":147837,""226"":0,""227"":281474976710656,""228"":0,""229"":0,""230"":0,""231"":0}",0.0,1879358279721201665,18.04173318299407,0.0,0.0
1764211472000,2025-11-27 10:44:32.000,104.214792,35.93202,104.20819164238392,35.926270038082826,104.205511,35.926481,0.0,0.0,17726.1,1.0,1,612042023200080,"{""1"":177261,""3"":0,""37"":0,""48"":80,""49"":34,""224"":""AC8="",""225"":177261,""226"":0,""227"":281474976710656,""228"":0,""229"":0,""230"":0,""231"":0}",0.0,1879364340897329154,26.076244507029806,0.0,0.0
1764211473000,2025-11-27 10:44:33.000,104.21491,35.931756,104.20830945692995,35.9260078009324,104.205613,35.926223,0.0,339.0,17735.8,1.0,1,612042023200066,"{""1"":177358,""3"":0,""37"":16,""48"":80,""49"":34,""224"":""AC8="",""225"":177358,""226"":0,""227"":282574488338432,""228"":0,""229"":1639,""230"":0,""231"":0}",0.0,1879347316192227330,31.029180144247984,0.0,0.0
1764211473000,2025-11-27 10:44:33.000,104.214674,35.932235,104.20807382563672,35.92648426358004,104.205415,35.926695,0.0,0.0,20212.8,1.0,1,612042023200098,"{""1"":202128,""3"":0,""37"":0,""48"":80,""49"":20,""224"":""AC8="",""225"":202128,""226"":0,""227"":281474976710656,""228"":0,""229"":0,""230"":0,""231"":0}",0.0,1879353494011949057,0.0,0.0,0.0
1764211473000,2025-11-27 10:44:33.000,104.21499,35.931606,104.20838833445588,35.92585864891449,104.205726,35.926074,0.0,0.0,14783.7,1.0,1,612042023200085,"{""1"":147837,""3"":0,""37"":0,""48"":80,""49"":28,""224"":""AC8="",""225"":147837,""226"":0,""227"":281474976710656,""228"":0,""229"":0,""230"":0,""231"":0}",0.0,1879358279721201665,18.04173318299407,0.0,0.0
1764211473000,2025-11-27 10:44:33.000,104.214792,35.93202,104.20819164238392,35.926270038082826,104.205512,35.926481,0.0,0.0,17726.1,1.0,1,612042023200080,"{""1"":177261,""3"":0,""37"":0,""48"":80,""49"":34,""224"":""AC8="",""225"":177261,""226"":0,""227"":281474976710656,""228"":0,""229"":0,""230"":0,""231"":0}",0.0,1879364340897329154,26.076244507029806,0.0,0.0
1764211474000,2025-11-27 10:44:34.000,104.21491,35.931756,104.20830945692995,35.9260078009324,104.205613,35.926223,0.0,339.0,17735.8,1.0,1,612042023200066,"{""1"":177358,""3"":0,""37"":16,""48"":80,""49"":34,""224"":""AC8="",""225"":177358,""226"":0,""227"":282574488338432,""228"":0,""229"":1639,""230"":0,""231"":0}",0.0,1879347316192227330,31.029180144247984,0.0,0.0
1764211474000,2025-11-27 10:44:34.000,104.214675,35.932235,104.20807482418128,35.92648426211937,104.205415,35.926694,1.0,0.0,20212.8,1.0,1,612042023200098,"{""1"":202128,""3"":0,""37"":0,""48"":80,""49"":19,""224"":""AC8="",""225"":202128,""226"":0,""227"":281474976710656,""228"":0,""229"":0,""230"":0,""231"":0}",0.09,1879353494011949057,0.0,0.0,0.0
1764211474000,2025-11-27 10:44:34.000,104.21499,35.931606,104.20838833445588,35.92585864891449,104.205726,35.926074,0.0,0.0,14783.7,1.0,1,612042023200085,"{""1"":147837,""3"":0,""37"":0,""48"":80,""49"":29,""224"":""AC8="",""225"":147837,""226"":0,""227"":281474976710656,""228"":0,""229"":0,""230"":0,""231"":0}",0.0,1879358279721201665,18.04173318299407,0.0,0.0
1764211474000,2025-11-27 10:44:34.000,104.214792,35.93202,104.20819164238392,35.926270038082826,104.205512,35.926481,0.0,0.0,17726.1,1.0,1,612042023200080,"{""1"":177261,""3"":0,""37"":0,""48"":80,""49"":34,""224"":""AC8="",""225"":177261,""226"":0,""227"":281474976710656,""228"":0,""229"":0,""230"":0,""231"":0}",0.0,1879364340897329154,26.03964708226959,0.0,0.0
1764211475000,2025-11-27 10:44:35.000,104.21491,35.931756,104.20830945692995,35.9260078009324,104.205614,35.926223,0.0,339.0,17735.8,1.0,1,612042023200066,"{""1"":177358,""3"":0,""37"":16,""48"":80,""49"":34,""224"":""AC8="",""225"":177358,""226"":0,""227"":282574488338432,""228"":0,""229"":1639,""230"":0,""231"":0}",0.0,1879347316192227330,31.029180144247984,0.0,0.0
1764211475000,2025-11-27 10:44:35.000,104.214675,35.932234,104.20807482412653,35.926483261870345,104.205415,35.926693,1.0,0.0,20212.8,1.0,1,612042023200098,"{""1"":202128,""3"":0,""37"":0,""48"":80,""49"":19,""224"":""AC8="",""225"":202128,""226"":0,""227"":281474976710656,""228"":0,""229"":0,""230"":0,""231"":0}",0.111,1879353494011949057,0.0,0.0,0.0
1764211475000,2025-11-27 10:44:35.000,104.21499,35.931606,104.20838833445588,35.92585864891449,104.205726,35.926074,0.0,0.0,14783.7,1.0,1,612042023200085,"{""1"":147837,""3"":0,""37"":0,""48"":80,""49"":29,""224"":""AC8="",""225"":147837,""226"":0,""227"":281474976710656,""228"":0,""229"":0,""230"":0,""231"":0}",0.0,1879358279721201665,18.04173318299407,0.0,0.0
1764211475000,2025-11-27 10:44:35.000,104.214792,35.93202,104.20819164238392,35.926270038082826,104.205512,35.926481,0.0,0.0,17726.1,1.0,1,612042023200080,"{""1"":177261,""3"":0,""37"":0,""48"":80,""49"":34,""224"":""AC8="",""225"":177261,""226"":0,""227"":281474976710656,""228"":0,""229"":0,""230"":0,""231"":0}",0.0,1879364340897329154,25.937943462181902,0.0,0.0
1764211476000,2025-11-27 10:44:36.000,104.21491,35.931756,104.20830945692995,35.9260078009324,104.205614,35.926223,0.0,339.0,17735.8,1.0,1,612042023200066,"{""1"":177358,""3"":0,""37"":16,""48"":80,""49"":34,""224"":""AC8="",""225"":177358,""226"":0,""227"":282574488338432,""228"":0,""229"":1639,""230"":0,""231"":0}",0.0,1879347316192227330,31.029180144247984,0.0,0.0
1764211476000,2025-11-27 10:44:36.000,104.214675,35.932235,104.20807482418128,35.92648426211937,104.205415,35.926694,1.0,0.0,20212.8,1.0,1,612042023200098,"{""1"":202128,""3"":0,""37"":0,""48"":80,""49"":20,""224"":""AC8="",""225"":202128,""226"":0,""227"":281474976710656,""228"":0,""229"":0,""230"":0,""231"":0}",0.111,1879353494011949057,0.0,0.0,0.0
1764211476000,2025-11-27 10:44:36.000,104.21499,35.931606,104.20838833445588,35.92585864891449,104.205726,35.926074,0.0,0.0,14783.7,1.0,1,612042023200085,"{""1"":147837,""3"":0,""37"":0,""48"":80,""49"":28,""224"":""AC8="",""225"":147837,""226"":0,""227"":281474976710656,""228"":0,""229"":0,""230"":0,""231"":0}",0.0,1879358279721201665,18.04173318299407,0.0,0.0
1764211476000,2025-11-27 10:44:36.000,104.214792,35.93202,104.20819164238392,35.926270038082826,104.205512,35.926481,0.0,0.0,17726.1,1.0,1,612042023200080,"{""1"":177261,""3"":0,""37"":0,""48"":80,""49"":33,""224"":""AC8="",""225"":177261,""226"":0,""227"":281474976710656,""228"":0,""229"":0,""230"":0,""231"":0}",0.0,1879364340897329154,26.03964708226959,0.0,0.0
1764211477000,2025-11-27 10:44:37.000,104.21491,35.931756,104.20830945692995,35.9260078009324,104.205614,35.926223,0.0,339.0,17735.8,1.0,1,612042023200066,"{""1"":177358,""3"":0,""37"":16,""48"":80,""49"":33,""224"":""AC8="",""225"":177358,""226"":0,""227"":282574488338432,""228"":0,""229"":1639,""230"":0,""231"":0}",0.0,1879347316192227330,31.029180144247984,0.0,0.0
1764211477000,2025-11-27 10:44:37.000,104.214675,35.932234,104.20807482412653,35.926483261870345,104.205415,35.926693,1.0,0.0,20212.8,1.0,1,612042023200098,"{""1"":202128,""3"":0,""37"":0,""48"":80,""49"":19,""224"":""AC8="",""225"":202128,""226"":0,""227"":281474976710656,""228"":0,""229"":0,""230"":0,""231"":0}",0.111,1879353494011949057,0.0,0.0,0.0
1764211477000,2025-11-27 10:44:37.000,104.21499,35.931606,104.20838833445588,35.92585864891449,104.205726,35.926075,0.0,0.0,14783.7,1.0,1,612042023200085,"{""1"":147837,""3"":0,""37"":0,""48"":80,""49"":29,""224"":""AC8="",""225"":147837,""226"":0,""227"":281474976710656,""228"":0,""229"":0,""230"":0,""231"":0}",0.0,1879358279721201665,18.04173318299407,0.0,0.0
1764211477000,2025-11-27 10:44:37.000,104.214792,35.93202,104.20819164238392,35.926270038082826,104.205512,35.926481,0.0,0.0,17726.1,1.0,1,612042023200080,"{""1"":177261,""3"":0,""37"":0,""48"":80,""49"":33,""224"":""AC8="",""225"":177261,""226"":0,""227"":281474976710656,""228"":0,""229"":0,""230"":0,""231"":0}",0.0,1879364340897329154,25.937943462181902,0.0,0.0
1764211478000,2025-11-27 10:44:38.000,104.21491,35.931756,104.20830945692995,35.9260078009324,104.205615,35.926223,0.0,339.0,17735.8,1.0,1,612042023200066,"{""1"":177358,""3"":0,""37"":16,""48"":80,""49"":34,""224"":""AC8="",""225"":177358,""226"":0,""227"":282574488338432,""228"":0,""229"":1639,""230"":0,""231"":0}",0.0,1879347316192227330,31.029180144247984,0.0,0.0
1764211478000,2025-11-27 10:44:38.000,104.214675,35.932235,104.20807482418128,35.92648426211937,104.205415,35.926694,1.0,0.0,20212.8,1.0,1,612042023200098,"{""1"":202128,""3"":0,""37"":0,""48"":80,""49"":19,""224"":""AC8="",""225"":202128,""226"":0,""227"":281474976710656,""228"":0,""229"":0,""230"":0,""231"":0}",0.111,1879353494011949057,0.0,0.0,0.0
1764211478000,2025-11-27 10:44:38.000,104.21499,35.931606,104.20838833445588,35.92585864891449,104.205726,35.926075,0.0,0.0,14783.7,1.0,1,612042023200085,"{""1"":147837,""3"":0,""37"":0,""48"":80,""49"":29,""224"":""AC8="",""225"":147837,""226"":0,""227"":281474976710656,""228"":0,""229"":0,""230"":0,""231"":0}",0.0,1879358279721201665,18.04173318299407,0.0,0.0
1764211478000,2025-11-27 10:44:38.000,104.214792,35.93202,104.20819164238392,35.926270038082826,104.205512,35.926481,0.0,0.0,17726.1,1.0,1,612042023200080,"{""1"":177261,""3"":0,""37"":0,""48"":80,""49"":33,""224"":""AC8="",""225"":177261,""226"":0,""227"":281474976710656,""228"":0,""229"":0,""230"":0,""231"":0}",0.0,1879364340897329154,26.03964708226959,0.0,0.0
1764211479000,2025-11-27 10:44:39.000,104.21491,35.931756,104.20830945692995,35.9260078009324,104.205615,35.926224,0.0,339.0,17735.8,1.0,1,612042023200066,"{""1"":177358,""3"":0,""37"":16,""48"":80,""49"":34,""224"":""AC8="",""225"":177358,""226"":0,""227"":282574488338432,""228"":0,""229"":1639,""230"":0,""231"":0}",0.0,1879347316192227330,31.029180144247984,0.0,0.0
1764211479000,2025-11-27 10:44:39.000,104.214675,35.932235,104.20807482418128,35.92648426211937,104.205416,35.926693,0.0,0.0,20212.8,1.0,1,612042023200098,"{""1"":202128,""3"":0,""37"":0,""48"":80,""49"":18,""224"":""AC8="",""225"":202128,""226"":0,""227"":281474976710656,""228"":0,""229"":0,""230"":0,""231"":0}",0.0,1879353494011949057,0.0,0.0,0.0
1764211479000,2025-11-27 10:44:39.000,104.21499,35.931606,104.20838833445588,35.92585864891449,104.205726,35.926075,0.0,0.0,14783.7,1.0,1,612042023200085,"{""1"":147837,""3"":0,""37"":0,""48"":80,""49"":27,""224"":""AC8="",""225"":147837,""226"":0,""227"":281474976710656,""228"":0,""229"":0,""230"":0,""231"":0}",0.0,1879358279721201665,18.04173318299407,0.0,0.0
1764211479000,2025-11-27 10:44:39.000,104.214792,35.93202,104.20819164238392,35.926270038082826,104.205512,35.926481,0.0,0.0,17726.1,1.0,1,612042023200080,"{""1"":177261,""3"":0,""37"":0,""48"":80,""49"":33,""224"":""AC8="",""225"":177261,""226"":0,""227"":281474976710656,""228"":0,""229"":0,""230"":0,""231"":0}",0.0,1879364340897329154,26.03964708226959,0.0,0.0
1764211480000,2025-11-27 10:44:40.000,104.21491,35.931756,104.20830945692995,35.9260078009324,104.205616,35.926224,0.0,339.0,17735.8,1.0,1,612042023200066,"{""1"":177358,""3"":0,""37"":16,""48"":80,""49"":34,""224"":""AC8="",""225"":177358,""226"":0,""227"":282574488338432,""228"":0,""229"":1639,""230"":0,""231"":0}",0.0,1879347316192227330,31.029180144247984,0.0,0.0
1764211480000,2025-11-27 10:44:40.000,104.214673,35.932234,104.20807282703744,35.92648326479171,104.205413,35.926693,1.0,0.0,20212.8,1.0,1,612042023200098,"{""1"":202128,""3"":0,""37"":0,""48"":80,""49"":19,""224"":""AC8="",""225"":202128,""226"":0,""227"":281474976710656,""228"":0,""229"":0,""230"":0,""231"":0}",0.211,1879353494011949057,0.0,0.0,0.0
1764211480000,2025-11-27 10:44:40.000,104.21499,35.931606,104.20838833445588,35.92585864891449,104.205726,35.926075,0.0,0.0,14783.7,1.0,1,612042023200085,"{""1"":147837,""3"":0,""37"":0,""48"":80,""49"":27,""224"":""AC8="",""225"":147837,""226"":0,""227"":281474976710656,""228"":0,""229"":0,""230"":0,""231"":0}",0.0,1879358279721201665,18.04173318299407,0.0,0.0
1764211480000,2025-11-27 10:44:40.000,104.214792,35.93202,104.20819164238392,35.926270038082826,104.205512,35.926481,0.0,0.0,17726.1,1.0,1,612042023200080,"{""1"":177261,""3"":0,""37"":0,""48"":80,""49"":33,""224"":""AC8="",""225"":177261,""226"":0,""227"":281474976710656,""228"":0,""229"":0,""230"":0,""231"":0}",0.0,1879364340897329154,26.011682445259105,0.0,0.0
1764211481000,2025-11-27 10:44:41.000,104.21491,35.931756,104.20830945692995,35.9260078009324,104.205616,35.926224,0.0,339.0,17735.8,1.0,1,612042023200066,"{""1"":177358,""3"":0,""37"":16,""48"":80,""49"":34,""224"":""AC8="",""225"":177358,""226"":0,""227"":282574488338432,""228"":0,""229"":1639,""230"":0,""231"":0}",0.0,1879347316192227330,31.029180144247984,0.0,0.0
1764211481000,2025-11-27 10:44:41.000,104.214673,35.932235,104.2080728270922,35.926484265040735,104.205413,35.926694,1.0,0.0,20212.8,1.0,1,612042023200098,"{""1"":202128,""3"":0,""37"":0,""48"":80,""49"":19,""224"":""AC8="",""225"":202128,""226"":0,""227"":281474976710656,""228"":0,""229"":0,""230"":0,""231"":0}",0.111,1879353494011949057,0.0,0.0,0.0
1764211481000,2025-11-27 10:44:41.000,104.21499,35.931606,104.20838833445588,35.92585864891449,104.205726,35.926075,0.0,0.0,14783.7,1.0,1,612042023200085,"{""1"":147837,""3"":0,""37"":0,""48"":80,""49"":27,""224"":""AC8="",""225"":147837,""226"":0,""227"":281474976710656,""228"":0,""229"":0,""230"":0,""231"":0}",0.0,1879358279721201665,18.04173318299407,0.0,0.0
1764211481000,2025-11-27 10:44:41.000,104.214792,35.93202,104.20819164238392,35.926270038082826,104.205512,35.926481,0.0,0.0,17726.1,1.0,1,612042023200080,"{""1"":177261,""3"":0,""37"":0,""48"":80,""49"":33,""224"":""AC8="",""225"":177261,""226"":0,""227"":281474976710656,""228"":0,""229"":0,""230"":0,""231"":0}",0.0,1879364340897329154,26.1131002217816,0.0,0.0
1764211482000,2025-11-27 10:44:42.000,104.21491,35.931756,104.20830945692995,35.9260078009324,104.205616,35.926224,0.0,339.0,17735.8,1.0,1,612042023200066,"{""1"":177358,""3"":0,""37"":16,""48"":80,""49"":34,""224"":""AC8="",""225"":177358,""226"":0,""227"":282574488338432,""228"":0,""229"":1639,""230"":0,""231"":0}",0.0,1879347316192227330,31.029180144247984,0.0,0.0
1764211482000,2025-11-27 10:44:42.000,104.214674,35.932235,104.20807382563672,35.92648426358004,104.205414,35.926694,1.0,0.0,20212.8,1.0,1,612042023200098,"{""1"":202128,""3"":0,""37"":0,""48"":80,""49"":19,""224"":""AC8="",""225"":202128,""226"":0,""227"":281474976710656,""228"":0,""229"":0,""230"":0,""231"":0}",0.09,1879353494011949057,0.0,0.0,0.0
1764211482000,2025-11-27 10:44:42.000,104.21499,35.931606,104.20838833445588,35.92585864891449,104.205726,35.926075,0.0,0.0,14783.7,1.0,1,612042023200085,"{""1"":147837,""3"":0,""37"":0,""48"":80,""49"":28,""224"":""AC8="",""225"":147837,""226"":0,""227"":281474976710656,""228"":0,""229"":0,""230"":0,""231"":0}",0.0,1879358279721201665,18.04173318299407,0.0,0.0
1764211482000,2025-11-27 10:44:42.000,104.214792,35.93202,104.20819164238392,35.926270038082826,104.205512,35.926481,0.0,0.0,17726.1,1.0,1,612042023200080,"{""1"":177261,""3"":0,""37"":0,""48"":80,""49"":34,""224"":""AC8="",""225"":177261,""226"":0,""227"":281474976710656,""228"":0,""229"":0,""230"":0,""231"":0}",0.0,1879364340897329154,26.076244507029806,0.0,0.0
1764211483000,2025-11-27 10:44:43.000,104.21491,35.931756,104.20830945692995,35.9260078009324,104.205617,35.926224,0.0,339.0,17735.8,1.0,1,612042023200066,"{""1"":177358,""3"":0,""37"":16,""48"":80,""49"":34,""224"":""AC8="",""225"":177358,""226"":0,""227"":282574488338432,""228"":0,""229"":1639,""230"":0,""231"":0}",0.0,1879347316192227330,31.029180144247984,0.0,0.0
1764211483000,2025-11-27 10:44:43.000,104.214675,35.932235,104.20807482418128,35.92648426211937,104.205415,35.926694,1.0,0.0,20212.8,1.0,1,612042023200098,"{""1"":202128,""3"":0,""37"":0,""48"":80,""49"":19,""224"":""AC8="",""225"":202128,""226"":0,""227"":281474976710656,""228"":0,""229"":0,""230"":0,""231"":0}",0.09,1879353494011949057,0.0,0.0,0.0
1764211483000,2025-11-27 10:44:43.000,104.21499,35.931606,104.20838833445588,35.92585864891449,104.205726,35.926075,0.0,0.0,14783.7,1.0,1,612042023200085,"{""1"":147837,""3"":0,""37"":0,""48"":80,""49"":29,""224"":""AC8="",""225"":147837,""226"":0,""227"":281474976710656,""228"":0,""229"":0,""230"":0,""231"":0}",0.0,1879358279721201665,18.04173318299407,0.0,0.0
1764211483000,2025-11-27 10:44:43.000,104.214792,35.93202,104.20819164238392,35.926270038082826,104.205512,35.926481,0.0,0.0,17726.1,1.0,1,612042023200080,"{""1"":177261,""3"":0,""37"":0,""48"":80,""49"":34,""224"":""AC8="",""225"":177261,""226"":0,""227"":281474976710656,""228"":0,""229"":0,""230"":0,""231"":0}",0.0,1879364340897329154,26.03964708226959,0.0,0.0
1764211484000,2025-11-27 10:44:44.000,104.21491,35.931756,104.20830945692995,35.9260078009324,104.205617,35.926224,0.0,339.0,17735.8,1.0,1,612042023200066,"{""1"":177358,""3"":0,""37"":16,""48"":80,""49"":34,""224"":""AC8="",""225"":177358,""226"":0,""227"":282574488338432,""228"":0,""229"":1639,""230"":0,""231"":0}",0.0,1879347316192227330,31.029180144247984,0.0,0.0
1764211484000,2025-11-27 10:44:44.000,104.214675,35.932235,104.20807482418128,35.92648426211937,104.205415,35.926694,1.0,0.0,20212.8,1.0,1,612042023200098,"{""1"":202128,""3"":0,""37"":0,""48"":80,""49"":19,""224"":""AC8="",""225"":202128,""226"":0,""227"":281474976710656,""228"":0,""229"":0,""230"":0,""231"":0}",0.0,1879353494011949057,0.0,0.0,0.0
1764211484000,2025-11-27 10:44:44.000,104.21499,35.931606,104.20838833445588,35.92585864891449,104.205726,35.926075,0.0,0.0,14783.7,1.0,1,612042023200085,"{""1"":147837,""3"":0,""37"":0,""48"":80,""49"":28,""224"":""AC8="",""225"":147837,""226"":0,""227"":281474976710656,""228"":0,""229"":0,""230"":0,""231"":0}",0.0,1879358279721201665,18.04173318299407,0.0,0.0
1764211484000,2025-11-27 10:44:44.000,104.214792,35.93202,104.20819164238392,35.926270038082826,104.205512,35.926481,0.0,0.0,17726.1,1.0,1,612042023200080,"{""1"":177261,""3"":0,""37"":0,""48"":80,""49"":34,""224"":""AC8="",""225"":177261,""226"":0,""227"":281474976710656,""228"":0,""229"":0,""230"":0,""231"":0}",0.0,1879364340897329154,26.03964708226959,0.0,0.0
1764211485000,2025-11-27 10:44:45.000,104.21491,35.931756,104.20830945692995,35.9260078009324,104.205617,35.926224,0.0,339.0,17735.8,1.0,1,612042023200066,"{""1"":177358,""3"":0,""37"":16,""48"":80,""49"":34,""224"":""AC8="",""225"":177358,""226"":0,""227"":282574488338432,""228"":0,""229"":1639,""230"":0,""231"":0}",0.0,1879347316192227330,31.029180144247984,0.0,0.0
1764211485000,2025-11-27 10:44:45.000,104.214675,35.932235,104.20807482418128,35.92648426211937,104.205414,35.926694,0.0,0.0,20212.8,1.0,1,612042023200098,"{""1"":202128,""3"":0,""37"":0,""48"":80,""49"":19,""224"":""AC8="",""225"":202128,""226"":0,""227"":281474976710656,""228"":0,""229"":0,""230"":0,""231"":0}",0.0,1879353494011949057,0.0,0.0,0.0
1764211485000,2025-11-27 10:44:45.000,104.21499,35.931606,104.20838833445588,35.92585864891449,104.205726,35.926075,0.0,0.0,14783.7,1.0,1,612042023200085,"{""1"":147837,""3"":0,""37"":0,""48"":80,""49"":29,""224"":""AC8="",""225"":147837,""226"":0,""227"":281474976710656,""228"":0,""229"":0,""230"":0,""231"":0}",0.0,1879358279721201665,18.04173318299407,0.0,0.0
1764211485000,2025-11-27 10:44:45.000,104.214792,35.93202,104.20819164238392,35.926270038082826,104.205512,35.926481,0.0,0.0,17726.1,1.0,1,612042023200080,"{""1"":177261,""3"":0,""37"":0,""48"":80,""49"":34,""224"":""AC8="",""225"":177261,""226"":0,""227"":281474976710656,""228"":0,""229"":0,""230"":0,""231"":0}",0.0,1879364340897329154,26.03964708226959,0.0,0.0
1764211486000,2025-11-27 10:44:46.000,104.21491,35.931756,104.20830945692995,35.9260078009324,104.205617,35.926224,0.0,339.0,17735.8,1.0,1,612042023200066,"{""1"":177358,""3"":0,""37"":16,""48"":80,""49"":34,""224"":""AC8="",""225"":177358,""226"":0,""227"":282574488338432,""228"":0,""229"":1639,""230"":0,""231"":0}",0.0,1879347316192227330,31.029180144247984,0.0,0.0
1764211486000,2025-11-27 10:44:46.000,104.214675,35.932235,104.20807482418128,35.92648426211937,104.205414,35.926693,0.0,0.0,20212.8,1.0,1,612042023200098,"{""1"":202128,""3"":0,""37"":0,""48"":80,""49"":19,""224"":""AC8="",""225"":202128,""226"":0,""227"":281474976710656,""228"":0,""229"":0,""230"":0,""231"":0}",0.0,1879353494011949057,0.0,0.0,0.0
1764211486000,2025-11-27 10:44:46.000,104.21499,35.931606,104.20838833445588,35.92585864891449,104.205726,35.926075,0.0,0.0,14783.7,1.0,1,612042023200085,"{""1"":147837,""3"":0,""37"":0,""48"":80,""49"":28,""224"":""AC8="",""225"":147837,""226"":0,""227"":281474976710656,""228"":0,""229"":0,""230"":0,""231"":0}",0.0,1879358279721201665,18.04173318299407,0.0,0.0
1764211486000,2025-11-27 10:44:46.000,104.214792,35.93202,104.20819164238392,35.926270038082826,104.205512,35.926481,0.0,0.0,17726.1,1.0,1,612042023200080,"{""1"":177261,""3"":0,""37"":0,""48"":80,""49"":34,""224"":""AC8="",""225"":177261,""226"":0,""227"":281474976710656,""228"":0,""229"":0,""230"":0,""231"":0}",0.0,1879364340897329154,26.03964708226959,0.0,0.8333333333333333
1764211487000,2025-11-27 10:44:47.000,104.21491,35.931756,104.20830945692995,35.9260078009324,104.205618,35.926225,0.0,339.0,17735.8,1.0,1,612042023200066,"{""1"":177358,""3"":0,""37"":16,""48"":80,""49"":34,""224"":""AC8="",""225"":177358,""226"":0,""227"":282574488338432,""228"":0,""229"":1639,""230"":0,""231"":0}",0.0,1879347316192227330,31.029180144247984,0.0,1.1111111111111112
1764211487000,2025-11-27 10:44:47.000,104.214675,35.932234,104.20807482412653,35.926483261870345,104.205415,35.926693,1.0,0.0,20212.8,1.0,1,612042023200098,"{""1"":202128,""3"":0,""37"":0,""48"":80,""49"":19,""224"":""AC8="",""225"":202128,""226"":0,""227"":281474976710656,""228"":0,""229"":0,""230"":0,""231"":0}",0.111,1879353494011949057,0.0,0.0,0.0
1764211487000,2025-11-27 10:44:47.000,104.21499,35.931606,104.20838833445588,35.92585864891449,104.205726,35.926075,0.0,0.0,14783.7,1.0,1,612042023200085,"{""1"":147837,""3"":0,""37"":0,""48"":80,""49"":28,""224"":""AC8="",""225"":147837,""226"":0,""227"":281474976710656,""228"":0,""229"":0,""230"":0,""231"":0}",0.0,1879358279721201665,18.04173318299407,0.0,0.2777777777777778
1764211487000,2025-11-27 10:44:47.000,104.214792,35.93202,104.20819164238392,35.926270038082826,104.205512,35.926481,0.0,0.0,17726.1,1.0,1,612042023200080,"{""1"":177261,""3"":0,""37"":0,""48"":80,""49"":34,""224"":""AC8="",""225"":177261,""226"":0,""227"":281474976710656,""228"":0,""229"":0,""230"":0,""231"":0}",0.0,1879364340897329154,25.937943462181902,0.0,0.2777777777777778
1764211488000,2025-11-27 10:44:48.000,104.21491,35.931756,104.20830945692995,35.9260078009324,104.205618,35.926225,0.0,339.0,17735.8,1.0,1,612042023200066,"{""1"":177358,""3"":0,""37"":16,""48"":80,""49"":34,""224"":""AC8="",""225"":177358,""226"":0,""227"":282574488338432,""228"":0,""229"":1639,""230"":0,""231"":0}",0.0,1879347316192227330,31.029180144247984,0.0,1.3888888888888888
1764211488000,2025-11-27 10:44:48.000,104.214674,35.932236,104.2080738256915,35.92648526382907,104.205414,35.926695,2.0,0.0,20212.8,1.0,1,612042023200098,"{""1"":202128,""3"":0,""37"":0,""48"":80,""49"":19,""224"":""AC8="",""225"":202128,""226"":0,""227"":281474976710656,""228"":0,""229"":0,""230"":0,""231"":0}",0.24,1879353494011949057,0.0,0.0,0.0
1764211488000,2025-11-27 10:44:48.000,104.21499,35.931606,104.20838833445588,35.92585864891449,104.205726,35.926075,0.0,0.0,14783.7,1.0,1,612042023200085,"{""1"":147837,""3"":0,""37"":0,""48"":80,""49"":28,""224"":""AC8="",""225"":147837,""226"":0,""227"":281474976710656,""228"":0,""229"":0,""230"":0,""231"":0}",0.0,1879358279721201665,18.04173318299407,0.0,0.0
1764211488000,2025-11-27 10:44:48.000,104.214792,35.93202,104.20819164238392,35.926270038082826,104.205512,35.926481,0.0,0.0,17726.1,1.0,1,612042023200080,"{""1"":177261,""3"":0,""37"":0,""48"":80,""49"":34,""224"":""AC8="",""225"":177261,""226"":0,""227"":281474976710656,""228"":0,""229"":0,""230"":0,""231"":0}",0.0,1879364340897329154,26.17788404083828,0.0,0.5555555555555556
1764211489000,2025-11-27 10:44:49.000,104.21491,35.931756,104.20830945692995,35.9260078009324,104.205618,35.926225,0.0,339.0,17735.8,1.0,1,612042023200066,"{""1"":177358,""3"":0,""37"":16,""48"":80,""49"":34,""224"":""AC8="",""225"":177358,""226"":0,""227"":282574488338432,""228"":0,""229"":1639,""230"":0,""231"":0}",0.0,1879347316192227330,31.029180144247984,0.0,1.1111111111111112
1764211489000,2025-11-27 10:44:49.000,104.214673,35.932237,104.20807282720176,35.92648626553879,104.205413,35.926696,1.0,0.0,20212.8,1.0,1,612042023200098,"{""1"":202128,""3"":0,""37"":0,""48"":80,""49"":19,""224"":""AC8="",""225"":202128,""226"":0,""227"":281474976710656,""228"":0,""229"":0,""230"":0,""231"":0}",0.143,1879353494011949057,0.0,0.0,1.6666666666666665
1764211489000,2025-11-27 10:44:49.000,104.21499,35.931606,104.20838833445588,35.92585864891449,104.205726,35.926075,0.0,0.0,14783.7,1.0,1,612042023200085,"{""1"":147837,""3"":0,""37"":0,""48"":80,""49"":28,""224"":""AC8="",""225"":147837,""226"":0,""227"":281474976710656,""228"":0,""229"":0,""230"":0,""231"":0}",0.0,1879358279721201665,18.04173318299407,0.0,0.0
1764211489000,2025-11-27 10:44:49.000,104.214792,35.93202,104.20819164238392,35.926270038082826,104.205512,35.926481,0.0,0.0,17726.1,1.0,1,612042023200080,"{""1"":177261,""3"":0,""37"":0,""48"":80,""49"":34,""224"":""AC8="",""225"":177261,""226"":0,""227"":281474976710656,""228"":0,""229"":0,""230"":0,""231"":0}",0.0,1879364340897329154,26.316173450972286,0.0,0.0
1764211490000,2025-11-27 10:44:50.000,104.21491,35.931756,104.20830945692995,35.9260078009324,104.205618,35.926225,0.0,339.0,17735.8,1.0,1,612042023200066,"{""1"":177358,""3"":0,""37"":16,""48"":80,""49"":34,""224"":""AC8="",""225"":177358,""226"":0,""227"":282574488338432,""228"":0,""229"":1639,""230"":0,""231"":0}",0.0,1879347316192227330,31.029180144247984,0.0,0.2777777777777778
1764211490000,2025-11-27 10:44:50.000,104.214673,35.932236,104.20807282714698,35.92648526528976,104.205413,35.926695,1.0,0.0,20212.8,1.0,1,612042023200098,"{""1"":202128,""3"":0,""37"":0,""48"":80,""49"":19,""224"":""AC8="",""225"":202128,""226"":0,""227"":281474976710656,""228"":0,""229"":0,""230"":0,""231"":0}",0.111,1879353494011949057,0.0,0.0,-0.2777777777777778
1764211490000,2025-11-27 10:44:50.000,104.21499,35.931606,104.20838833445588,35.92585864891449,104.205726,35.926075,0.0,0.0,14783.7,1.0,1,612042023200085,"{""1"":147837,""3"":0,""37"":0,""48"":80,""49"":29,""224"":""AC8="",""225"":147837,""226"":0,""227"":281474976710656,""228"":0,""229"":0,""230"":0,""231"":0}",0.0,1879358279721201665,18.04173318299407,0.0,0.0
1764211490000,2025-11-27 10:44:50.000,104.214792,35.93202,104.20819164238392,35.926270038082826,104.205512,35.926481,0.0,0.0,17726.1,1.0,1,612042023200080,"{""1"":177261,""3"":0,""37"":0,""48"":80,""49"":34,""224"":""AC8="",""225"":177261,""226"":0,""227"":281474976710656,""228"":0,""229"":0,""230"":0,""231"":0}",0.0,1879364340897329154,26.214597530318844,0.0,-0.2777777777777778
1764211491000,2025-11-27 10:44:51.000,104.21491,35.931756,104.20830945692995,35.9260078009324,104.205619,35.926225,0.0,339.0,17735.8,1.0,1,612042023200066,"{""1"":177358,""3"":0,""37"":16,""48"":80,""49"":34,""224"":""AC8="",""225"":177358,""226"":0,""227"":282574488338432,""228"":0,""229"":1639,""230"":0,""231"":0}",0.0,1879347316192227330,31.029180144247984,0.0,0.0
1764211491000,2025-11-27 10:44:51.000,104.214674,35.932236,104.2080738256915,35.92648526382907,104.205414,35.926695,1.0,0.0,20212.8,1.0,1,612042023200098,"{""1"":202128,""3"":0,""37"":0,""48"":80,""49"":19,""224"":""AC8="",""225"":202128,""226"":0,""227"":281474976710656,""228"":0,""229"":0,""230"":0,""231"":0}",0.09,1879353494011949057,0.0,0.0,0.2777777777777778
1764211491000,2025-11-27 10:44:51.000,104.21499,35.931606,104.20838833445588,35.92585864891449,104.205726,35.926075,0.0,0.0,14783.7,1.0,1,612042023200085,"{""1"":147837,""3"":0,""37"":0,""48"":80,""49"":29,""224"":""AC8="",""225"":147837,""226"":0,""227"":281474976710656,""228"":0,""229"":0,""230"":0,""231"":0}",0.0,1879358279721201665,18.04173318299407,0.0,0.8333333333333333
1764211491000,2025-11-27 10:44:51.000,104.214792,35.93202,104.20819164238392,35.926270038082826,104.205512,35.926481,0.0,0.0,17726.1,1.0,1,612042023200080,"{""1"":177261,""3"":0,""37"":0,""48"":80,""49"":34,""224"":""AC8="",""225"":177261,""226"":0,""227"":281474976710656,""228"":0,""229"":0,""230"":0,""231"":0}",0.0,1879364340897329154,26.17788404083828,0.0,1.1111111111111112
1764211492000,2025-11-27 10:44:52.000,104.21491,35.931756,104.20830945692995,35.9260078009324,104.205619,35.926225,0.0,339.0,17735.8,1.0,1,612042023200066,"{""1"":177358,""3"":0,""37"":16,""48"":80,""49"":34,""224"":""AC8="",""225"":177358,""226"":0,""227"":282574488338432,""228"":0,""229"":1639,""230"":0,""231"":0}",0.0,1879347316192227330,31.029180144247984,0.0,1.1111111111111112
1764211492000,2025-11-27 10:44:52.000,104.214674,35.932236,104.2080738256915,35.92648526382907,104.205414,35.926695,0.0,0.0,20212.8,1.0,1,612042023200098,"{""1"":202128,""3"":0,""37"":0,""48"":80,""49"":20,""224"":""AC8="",""225"":202128,""226"":0,""227"":281474976710656,""228"":0,""229"":0,""230"":0,""231"":0}",0.0,1879353494011949057,0.0,0.0,0.2777777777777778
1764211492000,2025-11-27 10:44:52.000,104.21499,35.931606,104.20838833445588,35.92585864891449,104.205727,35.926075,0.0,0.0,14783.7,1.0,1,612042023200085,"{""1"":147837,""3"":0,""37"":0,""48"":80,""49"":29,""224"":""AC8="",""225"":147837,""226"":0,""227"":281474976710656,""228"":0,""229"":0,""230"":0,""231"":0}",0.0,1879358279721201665,18.04173318299407,0.0,0.0
1764211492000,2025-11-27 10:44:52.000,104.214792,35.93202,104.20819164238392,35.926270038082826,104.205512,35.926481,0.0,0.0,17726.1,1.0,1,612042023200080,"{""1"":177261,""3"":0,""37"":0,""48"":80,""49"":34,""224"":""AC8="",""225"":177261,""226"":0,""227"":281474976710656,""228"":0,""229"":0,""230"":0,""231"":0}",0.0,1879364340897329154,26.17788404083828,0.0,0.2777777777777778
1764211493000,2025-11-27 10:44:53.000,104.21491,35.931756,104.20830945692995,35.9260078009324,104.205619,35.926226,0.0,339.0,17735.8,1.0,1,612042023200066,"{""1"":177358,""3"":0,""37"":16,""48"":80,""49"":34,""224"":""AC8="",""225"":177358,""226"":0,""227"":282574488338432,""228"":0,""229"":1639,""230"":0,""231"":0}",0.0,1879347316192227330,31.029180144247984,0.0,0.0
1764211493000,2025-11-27 10:44:53.000,104.214673,35.932236,104.20807282714698,35.92648526528976,104.205413,35.926695,1.0,0.0,20212.8,1.0,1,612042023200098,"{""1"":202128,""3"":0,""37"":0,""48"":80,""49"":20,""224"":""AC8="",""225"":202128,""226"":0,""227"":281474976710656,""228"":0,""229"":0,""230"":0,""231"":0}",0.09,1879353494011949057,0.0,0.0,0.0
1764211493000,2025-11-27 10:44:53.000,104.21499,35.931606,104.20838833445588,35.92585864891449,104.205727,35.926075,0.0,0.0,14783.7,1.0,1,612042023200085,"{""1"":147837,""3"":0,""37"":0,""48"":80,""49"":28,""224"":""AC8="",""225"":147837,""226"":0,""227"":281474976710656,""228"":0,""229"":0,""230"":0,""231"":0}",0.0,1879358279721201665,18.04173318299407,0.0,0.0
1764211493000,2025-11-27 10:44:53.000,104.214792,35.93202,104.20819164238392,35.926270038082826,104.205512,35.926481,0.0,0.0,17726.1,1.0,1,612042023200080,"{""1"":177261,""3"":0,""37"":0,""48"":80,""49"":34,""224"":""AC8="",""225"":177261,""226"":0,""227"":281474976710656,""228"":0,""229"":0,""230"":0,""231"":0}",0.0,1879364340897329154,26.214597530318844,0.0,0.0
1764211494000,2025-11-27 10:44:54.000,104.21491,35.931756,104.20830945692995,35.9260078009324,104.205619,35.926226,0.0,339.0,17735.8,1.0,1,612042023200066,"{""1"":177358,""3"":0,""37"":16,""48"":80,""49"":34,""224"":""AC8="",""225"":177358,""226"":0,""227"":282574488338432,""228"":0,""229"":1639,""230"":0,""231"":0}",0.0,1879347316192227330,31.029180144247984,0.0,0.0
1764211494000,2025-11-27 10:44:54.000,104.214673,35.932236,104.20807282714698,35.92648526528976,104.205413,35.926695,1.0,0.0,20212.8,1.0,1,612042023200098,"{""1"":202128,""3"":0,""37"":0,""48"":80,""49"":20,""224"":""AC8="",""225"":202128,""226"":0,""227"":281474976710656,""228"":0,""229"":0,""230"":0,""231"":0}",0.0,1879353494011949057,0.0,0.0,0.0
1764211494000,2025-11-27 10:44:54.000,104.21499,35.931606,104.20838833445588,35.92585864891449,104.205727,35.926075,0.0,0.0,14783.7,1.0,1,612042023200085,"{""1"":147837,""3"":0,""37"":0,""48"":80,""49"":28,""224"":""AC8="",""225"":147837,""226"":0,""227"":281474976710656,""228"":0,""229"":0,""230"":0,""231"":0}",0.0,1879358279721201665,18.04173318299407,0.0,0.0
1764211494000,2025-11-27 10:44:54.000,104.214792,35.93202,104.20819164238392,35.926270038082826,104.205512,35.926481,0.0,0.0,17726.1,1.0,1,612042023200080,"{""1"":177261,""3"":0,""37"":0,""48"":80,""49"":34,""224"":""AC8="",""225"":177261,""226"":0,""227"":281474976710656,""228"":0,""229"":0,""230"":0,""231"":0}",0.0,1879364340897329154,26.214597530318844,0.0,0.0
1764211495000,2025-11-27 10:44:55.000,104.21491,35.931756,104.20830945692995,35.9260078009324,104.205619,35.926226,0.0,339.0,17735.8,1.0,1,612042023200066,"{""1"":177358,""3"":0,""37"":16,""48"":80,""49"":34,""224"":""AC8="",""225"":177358,""226"":0,""227"":282574488338432,""228"":0,""229"":1639,""230"":0,""231"":0}",0.0,1879347316192227330,31.029180144247984,0.0,0.0
1764211495000,2025-11-27 10:44:55.000,104.214674,35.932236,104.2080738256915,35.92648526382907,104.205414,35.926695,1.0,0.0,20212.8,1.0,1,612042023200098,"{""1"":202128,""3"":0,""37"":0,""48"":80,""49"":19,""224"":""AC8="",""225"":202128,""226"":0,""227"":281474976710656,""228"":0,""229"":0,""230"":0,""231"":0}",0.09,1879353494011949057,0.0,0.0,0.0
1764211495000,2025-11-27 10:44:55.000,104.21499,35.931606,104.20838833445588,35.92585864891449,104.205727,35.926075,0.0,0.0,14783.7,1.0,1,612042023200085,"{""1"":147837,""3"":0,""37"":0,""48"":80,""49"":28,""224"":""AC8="",""225"":147837,""226"":0,""227"":281474976710656,""228"":0,""229"":0,""230"":0,""231"":0}",0.0,1879358279721201665,18.04173318299407,0.0,0.0
1764211495000,2025-11-27 10:44:55.000,104.214792,35.93202,104.20819164238392,35.926270038082826,104.205512,35.926481,0.0,0.0,17726.1,1.0,1,612042023200080,"{""1"":177261,""3"":0,""37"":0,""48"":80,""49"":34,""224"":""AC8="",""225"":177261,""226"":0,""227"":281474976710656,""228"":0,""229"":0,""230"":0,""231"":0}",0.0,1879364340897329154,26.17788404083828,0.0,0.0
1764211496000,2025-11-27 10:44:56.000,104.21491,35.931756,104.20830945692995,35.9260078009324,104.20562,35.926226,0.0,339.0,17735.8,1.0,1,612042023200066,"{""1"":177358,""3"":0,""37"":16,""48"":80,""49"":34,""224"":""AC8="",""225"":177358,""226"":0,""227"":282574488338432,""228"":0,""229"":1639,""230"":0,""231"":0}",0.0,1879347316192227330,31.029180144247984,0.0,0.0
1764211496000,2025-11-27 10:44:56.000,104.214674,35.932236,104.2080738256915,35.92648526382907,104.205413,35.926694,0.0,0.0,20212.8,1.0,1,612042023200098,"{""1"":202128,""3"":0,""37"":0,""48"":80,""49"":20,""224"":""AC8="",""225"":202128,""226"":0,""227"":281474976710656,""228"":0,""229"":0,""230"":0,""231"":0}",0.0,1879353494011949057,0.0,0.0,0.0
1764211496000,2025-11-27 10:44:56.000,104.21499,35.931606,104.20838833445588,35.92585864891449,104.205727,35.926075,0.0,0.0,14783.7,1.0,1,612042023200085,"{""1"":147837,""3"":0,""37"":0,""48"":80,""49"":29,""224"":""AC8="",""225"":147837,""226"":0,""227"":281474976710656,""228"":0,""229"":0,""230"":0,""231"":0}",0.0,1879358279721201665,18.04173318299407,0.0,0.0
1764211496000,2025-11-27 10:44:56.000,104.214792,35.93202,104.20819164238392,35.926270038082826,104.205512,35.926481,0.0,0.0,17726.1,1.0,1,612042023200080,"{""1"":177261,""3"":0,""37"":0,""48"":80,""49"":34,""224"":""AC8="",""225"":177261,""226"":0,""227"":281474976710656,""228"":0,""229"":0,""230"":0,""231"":0}",0.0,1879364340897329154,26.17788404083828,0.0,0.0
1764211497000,2025-11-27 10:44:57.000,104.21491,35.931756,104.20830945692995,35.9260078009324,104.20562,35.926226,0.0,339.0,17735.8,1.0,1,612042023200066,"{""1"":177358,""3"":0,""37"":16,""48"":80,""49"":34,""224"":""AC8="",""225"":177358,""226"":0,""227"":282574488338432,""228"":0,""229"":1639,""230"":0,""231"":0}",0.0,1879347316192227330,31.029180144247984,0.0,0.0
1764211497000,2025-11-27 10:44:57.000,104.214674,35.932236,104.2080738256915,35.92648526382907,104.205415,35.926693,0.0,0.0,20212.8,1.0,1,612042023200098,"{""1"":202128,""3"":0,""37"":0,""48"":80,""49"":19,""224"":""AC8="",""225"":202128,""226"":0,""227"":281474976710656,""228"":0,""229"":0,""230"":0,""231"":0}",0.0,1879353494011949057,0.0,0.0,0.0
1764211497000,2025-11-27 10:44:57.000,104.21499,35.931606,104.20838833445588,35.92585864891449,104.205727,35.926075,0.0,0.0,14783.7,1.0,1,612042023200085,"{""1"":147837,""3"":0,""37"":0,""48"":80,""49"":29,""224"":""AC8="",""225"":147837,""226"":0,""227"":281474976710656,""228"":0,""229"":0,""230"":0,""231"":0}",0.0,1879358279721201665,18.04173318299407,0.0,0.0
1764211497000,2025-11-27 10:44:57.000,104.214792,35.93202,104.20819164238392,35.926270038082826,104.205512,35.926481,0.0,0.0,17726.1,1.0,1,612042023200080,"{""1"":177261,""3"":0,""37"":0,""48"":80,""49"":34,""224"":""AC8="",""225"":177261,""226"":0,""227"":281474976710656,""228"":0,""229"":0,""230"":0,""231"":0}",0.0,1879364340897329154,26.17788404083828,0.0,0.0
1764211498000,2025-11-27 10:44:58.000,104.21491,35.931756,104.20830945692995,35.9260078009324,104.20562,35.926226,0.0,339.0,17735.8,1.0,1,612042023200066,"{""1"":177358,""3"":0,""37"":16,""48"":80,""49"":34,""224"":""AC8="",""225"":177358,""226"":0,""227"":282574488338432,""228"":0,""229"":1639,""230"":0,""231"":0}",0.0,1879347316192227330,31.029180144247984,0.0,0.0
1764211498000,2025-11-27 10:44:58.000,104.214674,35.932235,104.20807382563672,35.92648426358004,104.205414,35.926694,1.0,0.0,20212.8,1.0,1,612042023200098,"{""1"":202128,""3"":0,""37"":0,""48"":80,""49"":18,""224"":""AC8="",""225"":202128,""226"":0,""227"":281474976710656,""228"":0,""229"":0,""230"":0,""231"":0}",0.111,1879353494011949057,0.0,0.0,0.0
1764211498000,2025-11-27 10:44:58.000,104.21499,35.931606,104.20838833445588,35.92585864891449,104.205727,35.926075,0.0,0.0,14783.7,1.0,1,612042023200085,"{""1"":147837,""3"":0,""37"":0,""48"":80,""49"":29,""224"":""AC8="",""225"":147837,""226"":0,""227"":281474976710656,""228"":0,""229"":0,""230"":0,""231"":0}",0.0,1879358279721201665,18.04173318299407,0.0,0.0
1764211498000,2025-11-27 10:44:58.000,104.214792,35.93202,104.20819164238392,35.926270038082826,104.205512,35.926481,0.0,0.0,17726.1,1.0,1,612042023200080,"{""1"":177261,""3"":0,""37"":0,""48"":80,""49"":34,""224"":""AC8="",""225"":177261,""226"":0,""227"":281474976710656,""228"":0,""229"":0,""230"":0,""231"":0}",0.0,1879364340897329154,26.076244507029806,0.0,0.0
1764211499000,2025-11-27 10:44:59.000,104.21491,35.931756,104.20830945692995,35.9260078009324,104.20562,35.926227,0.0,339.0,17735.8,1.0,1,612042023200066,"{""1"":177358,""3"":0,""37"":16,""48"":80,""49"":34,""224"":""AC8="",""225"":177358,""226"":0,""227"":282574488338432,""228"":0,""229"":1639,""230"":0,""231"":0}",0.0,1879347316192227330,31.029180144247984,0.0,0.0
1764211499000,2025-11-27 10:44:59.000,104.214674,35.932235,104.20807382563672,35.92648426358004,104.205414,35.926694,1.0,0.0,20212.8,1.0,1,612042023200098,"{""1"":202128,""3"":0,""37"":0,""48"":80,""49"":19,""224"":""AC8="",""225"":202128,""226"":0,""227"":281474976710656,""228"":0,""229"":0,""230"":0,""231"":0}",0.0,1879353494011949057,0.0,0.0,0.0
1764211499000,2025-11-27 10:44:59.000,104.21499,35.931606,104.20838833445588,35.92585864891449,104.205727,35.926075,0.0,0.0,14783.7,1.0,1,612042023200085,"{""1"":147837,""3"":0,""37"":0,""48"":80,""49"":28,""224"":""AC8="",""225"":147837,""226"":0,""227"":281474976710656,""228"":0,""229"":0,""230"":0,""231"":0}",0.0,1879358279721201665,18.04173318299407,0.0,0.0
1764211499000,2025-11-27 10:44:59.000,104.214792,35.93202,104.20819164238392,35.926270038082826,104.205512,35.926481,0.0,0.0,17726.1,1.0,1,612042023200080,"{""1"":177261,""3"":0,""37"":0,""48"":80,""49"":34,""224"":""AC8="",""225"":177261,""226"":0,""227"":281474976710656,""228"":0,""229"":0,""230"":0,""231"":0}",0.0,1879364340897329154,26.076244507029806,0.0,0.0
1764211500000,2025-11-27 10:45:00.000,104.21491,35.931756,104.20830945692995,35.9260078009324,104.205621,35.926227,0.0,339.0,17735.8,1.0,1,612042023200066,"{""1"":177358,""3"":0,""37"":16,""48"":80,""49"":34,""224"":""AC8="",""225"":177358,""226"":0,""227"":282574488338432,""228"":0,""229"":1639,""230"":0,""231"":0}",0.0,1879347316192227330,31.029180144247984,0.0,0.0
1764211500000,2025-11-27 10:45:00.000,104.214673,35.932236,104.20807282714698,35.92648526528976,104.205413,35.926695,1.0,0.0,20212.8,1.0,1,612042023200098,"{""1"":202128,""3"":0,""37"":0,""48"":80,""49"":19,""224"":""AC8="",""225"":202128,""226"":0,""227"":281474976710656,""228"":0,""229"":0,""230"":0,""231"":0}",0.143,1879353494011949057,0.0,0.0,0.0
1764211500000,2025-11-27 10:45:00.000,104.21499,35.931606,104.20838833445588,35.92585864891449,104.205727,35.926075,0.0,0.0,14783.7,1.0,1,612042023200085,"{""1"":147837,""3"":0,""37"":0,""48"":80,""49"":28,""224"":""AC8="",""225"":147837,""226"":0,""227"":281474976710656,""228"":0,""229"":0,""230"":0,""231"":0}",0.0,1879358279721201665,18.04173318299407,0.0,0.0
1764211500000,2025-11-27 10:45:00.000,104.214792,35.93202,104.20819164238392,35.926270038082826,104.205512,35.926481,0.0,0.0,17726.1,1.0,1,612042023200080,"{""1"":177261,""3"":0,""37"":0,""48"":80,""49"":34,""224"":""AC8="",""225"":177261,""226"":0,""227"":281474976710656,""228"":0,""229"":0,""230"":0,""231"":0}",0.0,1879364340897329154,26.214597530318844,0.0,0.0
1764211501000,2025-11-27 10:45:01.000,104.21491,35.931756,104.20830945692995,35.9260078009324,104.205621,35.926227,0.0,339.0,17735.8,1.0,1,612042023200066,"{""1"":177358,""3"":0,""37"":16,""48"":80,""49"":34,""224"":""AC8="",""225"":177358,""226"":0,""227"":282574488338432,""228"":0,""229"":2800,""230"":0,""231"":0}",0.0,1879347316192227330,31.029180144247984,0.0,0.0
1764211501000,2025-11-27 10:45:01.000,104.214673,35.932236,104.20807282714698,35.92648526528976,104.205413,35.926695,0.0,0.0,20212.8,1.0,1,612042023200098,"{""1"":202128,""3"":0,""37"":0,""48"":80,""49"":20,""224"":""AC8="",""225"":202128,""226"":0,""227"":281474976710656,""228"":0,""229"":0,""230"":0,""231"":0}",0.0,1879353494011949057,0.0,0.0,0.0
1764211501000,2025-11-27 10:45:01.000,104.21499,35.931606,104.20838833445588,35.92585864891449,104.205727,35.926075,0.0,0.0,14783.7,1.0,1,612042023200085,"{""1"":147837,""3"":0,""37"":0,""48"":80,""49"":29,""224"":""AC8="",""225"":147837,""226"":0,""227"":281474976710656,""228"":0,""229"":0,""230"":0,""231"":0}",0.0,1879358279721201665,18.04173318299407,0.0,0.0
1764211501000,2025-11-27 10:45:01.000,104.214792,35.93202,104.20819164238392,35.926270038082826,104.205512,35.926481,0.0,0.0,17726.1,1.0,1,612042023200080,"{""1"":177261,""3"":0,""37"":0,""48"":80,""49"":34,""224"":""AC8="",""225"":177261,""226"":0,""227"":281474976710656,""228"":0,""229"":0,""230"":0,""231"":0}",0.0,1879364340897329154,26.214597530318844,0.0,0.0
1764211502000,2025-11-27 10:45:02.000,104.21491,35.931756,104.20830945692995,35.9260078009324,104.205621,35.926227,0.0,339.0,17735.8,1.0,1,612042023200066,"{""1"":177358,""3"":0,""37"":16,""48"":80,""49"":34,""224"":""AC8="",""225"":177358,""226"":0,""227"":282574488338432,""228"":0,""229"":2760,""230"":0,""231"":0}",0.0,1879347316192227330,31.029180144247984,0.0,0.0
1764211502000,2025-11-27 10:45:02.000,104.214674,35.932235,104.20807382563672,35.92648426358004,104.205414,35.926694,1.0,0.0,20212.8,1.0,1,612042023200098,"{""1"":202128,""3"":0,""37"":0,""48"":80,""49"":20,""224"":""AC8="",""225"":202128,""226"":0,""227"":281474976710656,""228"":0,""229"":0,""230"":0,""231"":0}",0.143,1879353494011949057,0.0,0.0,0.0
1764211502000,2025-11-27 10:45:02.000,104.21499,35.931606,104.20838833445588,35.92585864891449,104.205727,35.926075,0.0,0.0,14783.7,1.0,1,612042023200085,"{""1"":147837,""3"":0,""37"":0,""48"":80,""49"":29,""224"":""AC8="",""225"":147837,""226"":0,""227"":281474976710656,""228"":0,""229"":0,""230"":0,""231"":0}",0.0,1879358279721201665,18.04173318299407,0.0,0.0
1764211502000,2025-11-27 10:45:02.000,104.214792,35.93202,104.20819164238392,35.926270038082826,104.205512,35.926481,0.0,0.0,17726.1,1.0,1,612042023200080,"{""1"":177261,""3"":0,""37"":0,""48"":80,""49"":34,""224"":""AC8="",""225"":177261,""226"":0,""227"":281474976710656,""228"":0,""229"":0,""230"":0,""231"":0}",0.0,1879364340897329154,26.076244507029806,0.0,0.0
1764211503000,2025-11-27 10:45:03.000,104.21491,35.931756,104.20830945692995,35.9260078009324,104.205621,35.926227,0.0,339.0,17735.8,1.0,1,612042023200066,"{""1"":177358,""3"":0,""37"":16,""48"":80,""49"":34,""224"":""AC8="",""225"":177358,""226"":0,""227"":282574488338432,""228"":0,""229"":2760,""230"":0,""231"":0}",0.0,1879347316192227330,31.029180144247984,0.0,0.0
1764211503000,2025-11-27 10:45:03.000,104.214675,35.932234,104.20807482412653,35.926483261870345,104.205415,35.926693,1.0,0.0,20212.8,1.0,1,612042023200098,"{""1"":202128,""3"":0,""37"":0,""48"":80,""49"":19,""224"":""AC8="",""225"":202128,""226"":0,""227"":281474976710656,""228"":0,""229"":0,""230"":0,""231"":0}",0.143,1879353494011949057,0.0,0.0,0.0
1764211503000,2025-11-27 10:45:03.000,104.21499,35.931606,104.20838833445588,35.92585864891449,104.205727,35.926075,0.0,0.0,14783.7,1.0,1,612042023200085,"{""1"":147837,""3"":0,""37"":0,""48"":80,""49"":29,""224"":""AC8="",""225"":147837,""226"":0,""227"":281474976710656,""228"":0,""229"":0,""230"":0,""231"":0}",0.0,1879358279721201665,18.04173318299407,0.0,0.0
1764211503000,2025-11-27 10:45:03.000,104.214792,35.93202,104.20819164238392,35.926270038082826,104.205512,35.926481,0.0,0.0,17726.1,1.0,1,612042023200080,"{""1"":177261,""3"":0,""37"":0,""48"":80,""49"":34,""224"":""AC8="",""225"":177261,""226"":0,""227"":281474976710656,""228"":0,""229"":0,""230"":0,""231"":0}",0.0,1879364340897329154,25.937943462181902,0.0,0.0
1764211504000,2025-11-27 10:45:04.000,104.21491,35.931756,104.20830945692995,35.9260078009324,104.205621,35.926227,0.0,339.0,17735.8,1.0,1,612042023200066,"{""1"":177358,""3"":0,""37"":16,""48"":80,""49"":34,""224"":""AC8="",""225"":177358,""226"":0,""227"":282574488338432,""228"":0,""229"":2760,""230"":0,""231"":0}",0.0,1879347316192227330,31.029180144247984,0.0,0.0
1764211504000,2025-11-27 10:45:04.000,104.214675,35.932235,104.20807482418128,35.92648426211937,104.205415,35.926694,1.0,0.0,20212.8,1.0,1,612042023200098,"{""1"":202128,""3"":0,""37"":0,""48"":80,""49"":19,""224"":""AC8="",""225"":202128,""226"":0,""227"":281474976710656,""228"":0,""229"":0,""230"":0,""231"":0}",0.111,1879353494011949057,0.0,0.0,0.0
1764211504000,2025-11-27 10:45:04.000,104.21499,35.931606,104.20838833445588,35.92585864891449,104.205727,35.926075,0.0,0.0,14783.7,1.0,1,612042023200085,"{""1"":147837,""3"":0,""37"":0,""48"":80,""49"":28,""224"":""AC8="",""225"":147837,""226"":0,""227"":281474976710656,""228"":0,""229"":0,""230"":0,""231"":0}",0.0,1879358279721201665,18.04173318299407,0.0,0.0
1764211504000,2025-11-27 10:45:04.000,104.214792,35.93202,104.20819164238392,35.926270038082826,104.205512,35.926481,0.0,0.0,17726.1,1.0,1,612042023200080,"{""1"":177261,""3"":0,""37"":0,""48"":80,""49"":34,""224"":""AC8="",""225"":177261,""226"":0,""227"":281474976710656,""228"":0,""229"":0,""230"":0,""231"":0}",0.0,1879364340897329154,26.03964708226959,0.0,0.0
1764211505000,2025-11-27 10:45:05.000,104.21491,35.931756,104.20830945692995,35.9260078009324,104.205621,35.926227,0.0,339.0,17735.8,1.0,1,612042023200066,"{""1"":177358,""3"":0,""37"":16,""48"":80,""49"":33,""224"":""AC8="",""225"":177358,""226"":0,""227"":282574488338432,""228"":0,""229"":2760,""230"":0,""231"":0}",0.0,1879347316192227330,31.029180144247984,0.0,0.0
1764211505000,2025-11-27 10:45:05.000,104.214676,35.932235,104.20807582272585,35.92648426065872,104.205416,35.926694,1.0,0.0,20212.8,1.0,1,612042023200098,"{""1"":202128,""3"":0,""37"":0,""48"":80,""49"":19,""224"":""AC8="",""225"":202128,""226"":0,""227"":281474976710656,""228"":0,""229"":0,""230"":0,""231"":0}",0.09,1879353494011949057,0.0,0.0,0.0
1764211505000,2025-11-27 10:45:05.000,104.21499,35.931606,104.20838833445588,35.92585864891449,104.205727,35.926075,0.0,0.0,14783.7,1.0,1,612042023200085,"{""1"":147837,""3"":0,""37"":0,""48"":80,""49"":28,""224"":""AC8="",""225"":147837,""226"":0,""227"":281474976710656,""228"":0,""229"":0,""230"":0,""231"":0}",0.0,1879358279721201665,18.04173318299407,0.0,0.0
1764211505000,2025-11-27 10:45:05.000,104.214792,35.93202,104.20819164238392,35.926270038082826,104.205512,35.926481,0.0,0.0,17726.1,1.0,1,612042023200080,"{""1"":177261,""3"":0,""37"":0,""48"":80,""49"":34,""224"":""AC8="",""225"":177261,""226"":0,""227"":281474976710656,""228"":0,""229"":0,""230"":0,""231"":0}",0.0,1879364340897329154,26.0033090410908,0.0,0.0
1764211506000,2025-11-27 10:45:06.000,104.21491,35.931756,104.20830945692995,35.9260078009324,104.205621,35.926228,0.0,339.0,17735.8,1.0,1,612042023200066,"{""1"":177358,""3"":0,""37"":16,""48"":80,""49"":34,""224"":""AC8="",""225"":177358,""226"":0,""227"":282574488338432,""228"":0,""229"":2760,""230"":0,""231"":0}",0.0,1879347316192227330,31.029180144247984,0.0,0.0
1764211506000,2025-11-27 10:45:06.000,104.214675,35.932235,104.20807482418128,35.92648426211937,104.205415,35.926694,1.0,0.0,20212.8,1.0,1,612042023200098,"{""1"":202128,""3"":0,""37"":0,""48"":80,""49"":19,""224"":""AC8="",""225"":202128,""226"":0,""227"":281474976710656,""228"":0,""229"":0,""230"":0,""231"":0}",0.09,1879353494011949057,0.0,0.0,0.0
1764211506000,2025-11-27 10:45:06.000,104.21499,35.931606,104.20838833445588,35.92585864891449,104.205727,35.926075,0.0,0.0,14783.7,1.0,1,612042023200085,"{""1"":147837,""3"":0,""37"":0,""48"":80,""49"":28,""224"":""AC8="",""225"":147837,""226"":0,""227"":281474976710656,""228"":0,""229"":0,""230"":0,""231"":0}",0.0,1879358279721201665,18.04173318299407,0.0,0.0
1764211506000,2025-11-27 10:45:06.000,104.214792,35.93202,104.20819164238392,35.926270038082826,104.205512,35.926481,0.0,0.0,17726.1,1.0,1,612042023200080,"{""1"":177261,""3"":0,""37"":0,""48"":80,""49"":34,""224"":""AC8="",""225"":177261,""226"":0,""227"":281474976710656,""228"":0,""229"":0,""230"":0,""231"":0}",0.0,1879364340897329154,26.03964708226959,0.0,0.0
1764211507000,2025-11-27 10:45:07.000,104.21491,35.931756,104.20830945692995,35.9260078009324,104.205621,35.926228,0.0,339.0,17735.8,1.0,1,612042023200066,"{""1"":177358,""3"":0,""37"":16,""48"":80,""49"":34,""224"":""AC8="",""225"":177358,""226"":0,""227"":282574488338432,""228"":0,""229"":2760,""230"":0,""231"":0}",0.0,1879347316192227330,31.029180144247984,0.0,0.0
1764211507000,2025-11-27 10:45:07.000,104.214676,35.932237,104.2080758228354,35.926486261156775,104.205416,35.926696,2.0,50.0,20212.8,1.0,1,612042023200098,"{""1"":202128,""3"":0,""37"":0,""48"":80,""49"":18,""224"":""AC8="",""225"":202128,""226"":0,""227"":281474976710656,""228"":0,""229"":0,""230"":0,""231"":0}",0.24,1879353494011949057,0.0,0.0,0.0
1764211507000,2025-11-27 10:45:07.000,104.21499,35.931606,104.20838833445588,35.92585864891449,104.205727,35.926075,0.0,0.0,14783.7,1.0,1,612042023200085,"{""1"":147837,""3"":0,""37"":0,""48"":80,""49"":28,""224"":""AC8="",""225"":147837,""226"":0,""227"":281474976710656,""228"":0,""229"":0,""230"":0,""231"":0}",0.0,1879358279721201665,18.04173318299407,0.0,0.0
1764211507000,2025-11-27 10:45:07.000,104.214792,35.93202,104.20819164238392,35.926270038082826,104.205512,35.926481,0.0,0.0,17726.1,1.0,1,612042023200080,"{""1"":177261,""3"":0,""37"":0,""48"":80,""49"":34,""224"":""AC8="",""225"":177261,""226"":0,""227"":281474976710656,""228"":0,""229"":0,""230"":0,""231"":0}",0.0,1879364340897329154,26.207228997204275,0.0,0.0
1764211508000,2025-11-27 10:45:08.000,104.21491,35.931756,104.20830945692995,35.9260078009324,104.205621,35.926228,0.0,339.0,17735.8,1.0,1,612042023200066,"{""1"":177358,""3"":0,""37"":16,""48"":80,""49"":34,""224"":""AC8="",""225"":177358,""226"":0,""227"":282574488338432,""228"":0,""229"":2720,""230"":0,""231"":0}",0.0,1879347316192227330,31.029180144247984,0.0,0.0
1764211508000,2025-11-27 10:45:08.000,104.214677,35.932236,104.20807682132522,35.92648525944713,104.205417,35.926695,1.0,0.0,20212.8,1.0,1,612042023200098,"{""1"":202128,""3"":0,""37"":0,""48"":80,""49"":19,""224"":""AC8="",""225"":202128,""226"":0,""227"":281474976710656,""228"":0,""229"":0,""230"":0,""231"":0}",0.143,1879353494011949057,0.0,0.0,0.0
1764211508000,2025-11-27 10:45:08.000,104.21499,35.931606,104.20838833445588,35.92585864891449,104.205727,35.926075,0.0,0.0,14783.7,1.0,1,612042023200085,"{""1"":147837,""3"":0,""37"":0,""48"":80,""49"":28,""224"":""AC8="",""225"":147837,""226"":0,""227"":281474976710656,""228"":0,""229"":0,""230"":0,""231"":0}",0.0,1879358279721201665,18.04173318299407,0.0,0.0
1764211508000,2025-11-27 10:45:08.000,104.214792,35.93202,104.20819164238392,35.926270038082826,104.205512,35.926481,0.0,0.0,17726.1,1.0,1,612042023200080,"{""1"":177261,""3"":0,""37"":0,""48"":80,""49"":34,""224"":""AC8="",""225"":177261,""226"":0,""227"":281474976710656,""228"":0,""229"":0,""230"":0,""231"":0}",0.0,1879364340897329154,26.069294004646864,0.0,0.0
1764211509000,2025-11-27 10:45:09.000,104.21491,35.931756,104.20830945692995,35.9260078009324,104.205621,35.926228,0.0,339.0,17735.8,1.0,1,612042023200066,"{""1"":177358,""3"":0,""37"":16,""48"":80,""49"":34,""224"":""AC8="",""225"":177358,""226"":0,""227"":282574488338432,""228"":0,""229"":1920,""230"":0,""231"":0}",0.0,1879347316192227330,31.029180144247984,0.0,0.0
1764211509000,2025-11-27 10:45:09.000,104.214676,35.932235,104.20807582272585,35.92648426065872,104.205416,35.926694,1.0,0.0,20212.8,1.0,1,612042023200098,"{""1"":202128,""3"":0,""37"":0,""48"":80,""49"":19,""224"":""AC8="",""225"":202128,""226"":0,""227"":281474976710656,""228"":0,""229"":0,""230"":0,""231"":0}",0.143,1879353494011949057,0.0,0.0,0.0
1764211509000,2025-11-27 10:45:09.000,104.21499,35.931606,104.20838833445588,35.92585864891449,104.205727,35.926075,0.0,0.0,14783.7,1.0,1,612042023200085,"{""1"":147837,""3"":0,""37"":0,""48"":80,""49"":29,""224"":""AC8="",""225"":147837,""226"":0,""227"":281474976710656,""228"":0,""229"":0,""230"":0,""231"":0}",0.0,1879358279721201665,18.04173318299407,0.0,0.0
1764211509000,2025-11-27 10:45:09.000,104.214792,35.93202,104.20819164238392,35.926270038082826,104.205512,35.926481,0.0,0.0,17726.1,1.0,1,612042023200080,"{""1"":177261,""3"":0,""37"":0,""48"":80,""49"":34,""224"":""AC8="",""225"":177261,""226"":0,""227"":281474976710656,""228"":0,""229"":0,""230"":0,""231"":0}",0.0,1879364340897329154,26.0033090410908,0.0,0.0
1764211510000,2025-11-27 10:45:10.000,104.21491,35.931756,104.20830945692995,35.9260078009324,104.205621,35.926228,0.0,339.0,17735.8,1.0,1,612042023200066,"{""1"":177358,""3"":0,""37"":16,""48"":80,""49"":34,""224"":""AC8="",""225"":177358,""226"":0,""227"":282574488338432,""228"":0,""229"":1920,""230"":0,""231"":0}",0.0,1879347316192227330,31.029180144247984,0.0,0.0
1764211510000,2025-11-27 10:45:10.000,104.214677,35.932236,104.20807682132522,35.92648525944713,104.205417,35.926695,2.0,0.0,20212.8,1.0,1,612042023200098,"{""1"":202128,""3"":0,""37"":0,""48"":80,""49"":19,""224"":""AC8="",""225"":202128,""226"":0,""227"":281474976710656,""228"":0,""229"":0,""230"":0,""231"":0}",0.143,1879353494011949057,0.0,0.0,0.0
1764211510000,2025-11-27 10:45:10.000,104.21499,35.931606,104.20838833445588,35.92585864891449,104.205727,35.926075,0.0,0.0,14783.7,1.0,1,612042023200085,"{""1"":147837,""3"":0,""37"":0,""48"":80,""49"":29,""224"":""AC8="",""225"":147837,""226"":0,""227"":281474976710656,""228"":0,""229"":0,""230"":0,""231"":0}",0.0,1879358279721201665,18.04173318299407,0.0,0.0
1764211510000,2025-11-27 10:45:10.000,104.214792,35.93202,104.20819164238392,35.926270038082826,104.205512,35.926481,0.0,0.0,17726.1,1.0,1,612042023200080,"{""1"":177261,""3"":0,""37"":0,""48"":80,""49"":34,""224"":""AC8="",""225"":177261,""226"":0,""227"":281474976710656,""228"":0,""229"":0,""230"":0,""231"":0}",0.0,1879364340897329154,26.069294004646864,0.0,0.0
1764211511000,2025-11-27 10:45:11.000,104.21491,35.931756,104.20830945692995,35.9260078009324,104.205621,35.926228,0.0,339.0,17735.8,1.0,1,612042023200066,"{""1"":177358,""3"":0,""37"":16,""48"":80,""49"":34,""224"":""AC8="",""225"":177358,""226"":0,""227"":282574488338432,""228"":0,""229"":2080,""230"":0,""231"":0}",0.0,1879347316192227330,31.029180144247984,0.0,0.0
1764211511000,2025-11-27 10:45:11.000,104.214678,35.932235,104.20807781981507,35.92648425773749,104.205418,35.926694,1.0,0.0,20212.8,1.0,1,612042023200098,"{""1"":202128,""3"":0,""37"":0,""48"":80,""49"":19,""224"":""AC8="",""225"":202128,""226"":0,""227"":281474976710656,""228"":0,""229"":0,""230"":0,""231"":0}",0.143,1879353494011949057,0.0,0.0,0.0
1764211511000,2025-11-27 10:45:11.000,104.21499,35.931606,104.20838833445588,35.92585864891449,104.205727,35.926075,0.0,0.0,14783.7,1.0,1,612042023200085,"{""1"":147837,""3"":0,""37"":0,""48"":80,""49"":28,""224"":""AC8="",""225"":147837,""226"":0,""227"":281474976710656,""228"":0,""229"":0,""230"":0,""231"":0}",0.0,1879358279721201665,18.04173318299407,0.0,0.0
1764211511000,2025-11-27 10:45:11.000,104.214792,35.93202,104.20819164238392,35.926270038082826,104.205512,35.926481,0.0,0.0,17726.1,1.0,1,612042023200080,"{""1"":177261,""3"":0,""37"":0,""48"":80,""49"":35,""224"":""AC8="",""225"":177261,""226"":0,""227"":281474976710656,""228"":0,""229"":0,""230"":0,""231"":0}",0.0,1879364340897329154,25.931415458434902,0.0,0.0
1764211512000,2025-11-27 10:45:12.000,104.21491,35.931756,104.20830945692995,35.9260078009324,104.205621,35.926229,0.0,339.0,17735.8,1.0,1,612042023200066,"{""1"":177358,""3"":0,""37"":16,""48"":80,""49"":34,""224"":""AC8="",""225"":177358,""226"":0,""227"":282574488338432,""228"":0,""229"":2080,""230"":0,""231"":0}",0.0,1879347316192227330,31.029180144247984,0.0,0.0
1764211512000,2025-11-27 10:45:12.000,104.214677,35.932235,104.20807682127044,35.92648425919809,104.205417,35.926694,1.0,0.0,20212.8,1.0,1,612042023200098,"{""1"":202128,""3"":0,""37"":0,""48"":80,""49"":19,""224"":""AC8="",""225"":202128,""226"":0,""227"":281474976710656,""228"":0,""229"":0,""230"":0,""231"":0}",0.09,1879353494011949057,0.0,0.0,0.0
1764211512000,2025-11-27 10:45:12.000,104.21499,35.931606,104.20838833445588,35.92585864891449,104.205727,35.926075,0.0,0.0,14783.7,1.0,1,612042023200085,"{""1"":147837,""3"":0,""37"":0,""48"":80,""49"":29,""224"":""AC8="",""225"":147837,""226"":0,""227"":281474976710656,""228"":0,""229"":0,""230"":0,""231"":0}",0.0,1879358279721201665,18.04173318299407,0.0,0.0
1764211512000,2025-11-27 10:45:12.000,104.214792,35.93202,104.20819164238392,35.926270038082826,104.205512,35.926481,0.0,0.0,17726.1,1.0,1,612042023200080,"{""1"":177261,""3"":0,""37"":0,""48"":80,""49"":34,""224"":""AC8="",""225"":177261,""226"":0,""227"":281474976710656,""228"":0,""229"":0,""230"":0,""231"":0}",0.0,1879364340897329154,25.967231470678822,0.0,0.0
1764211513000,2025-11-27 10:45:13.000,104.21491,35.931756,104.20830945692995,35.9260078009324,104.205621,35.926229,0.0,339.0,17735.8,1.0,1,612042023200066,"{""1"":177358,""3"":0,""37"":16,""48"":80,""49"":34,""224"":""AC8="",""225"":177358,""226"":0,""227"":282574488338432,""228"":0,""229"":2080,""230"":0,""231"":0}",0.0,1879347316192227330,31.029180144247984,0.0,0.0
1764211513000,2025-11-27 10:45:13.000,104.214677,35.932235,104.20807682127044,35.92648425919809,104.205416,35.926694,0.0,0.0,20212.8,1.0,1,612042023200098,"{""1"":202128,""3"":0,""37"":0,""48"":80,""49"":20,""224"":""AC8="",""225"":202128,""226"":0,""227"":281474976710656,""228"":0,""229"":0,""230"":0,""231"":0}",0.0,1879353494011949057,0.0,0.0,0.0
1764211513000,2025-11-27 10:45:13.000,104.21499,35.931606,104.20838833445588,35.92585864891449,104.205727,35.926075,0.0,0.0,14783.7,1.0,1,612042023200085,"{""1"":147837,""3"":0,""37"":0,""48"":80,""49"":29,""224"":""AC8="",""225"":147837,""226"":0,""227"":281474976710656,""228"":0,""229"":0,""230"":0,""231"":0}",0.0,1879358279721201665,18.04173318299407,0.0,0.0
1764211513000,2025-11-27 10:45:13.000,104.214792,35.93202,104.20819164238392,35.926270038082826,104.205512,35.926481,0.0,0.0,17726.1,1.0,1,612042023200080,"{""1"":177261,""3"":0,""37"":0,""48"":80,""49"":34,""224"":""AC8="",""225"":177261,""226"":0,""227"":281474976710656,""228"":0,""229"":0,""230"":0,""231"":0}",0.0,1879364340897329154,25.967231470678822,0.0,0.0
1764211514000,2025-11-27 10:45:14.000,104.21491,35.931756,104.20830945692995,35.9260078009324,104.205621,35.926229,0.0,339.0,17735.8,1.0,1,612042023200066,"{""1"":177358,""3"":0,""37"":16,""48"":80,""49"":34,""224"":""AC8="",""225"":177358,""226"":0,""227"":282574488338432,""228"":0,""229"":2120,""230"":0,""231"":0}",0.0,1879347316192227330,31.029180144247984,0.0,0.0
1764211514000,2025-11-27 10:45:14.000,104.214676,35.932235,104.20807582272585,35.92648426065872,104.205416,35.926694,1.0,0.0,20212.8,1.0,1,612042023200098,"{""1"":202128,""3"":0,""37"":0,""48"":80,""49"":20,""224"":""AC8="",""225"":202128,""226"":0,""227"":281474976710656,""228"":0,""229"":0,""230"":0,""231"":0}",0.09,1879353494011949057,0.0,0.0,0.0
1764211514000,2025-11-27 10:45:14.000,104.21499,35.931606,104.20838833445588,35.92585864891449,104.205728,35.926075,0.0,0.0,14783.7,1.0,1,612042023200085,"{""1"":147837,""3"":0,""37"":0,""48"":80,""49"":28,""224"":""AC8="",""225"":147837,""226"":0,""227"":281474976710656,""228"":0,""229"":0,""230"":0,""231"":0}",0.0,1879358279721201665,18.04173318299407,0.0,0.0
1764211514000,2025-11-27 10:45:14.000,104.214792,35.93202,104.20819164238392,35.926270038082826,104.205512,35.926481,0.0,0.0,17726.1,1.0,1,612042023200080,"{""1"":177261,""3"":0,""37"":0,""48"":80,""49"":34,""224"":""AC8="",""225"":177261,""226"":0,""227"":281474976710656,""228"":0,""229"":0,""230"":0,""231"":0}",0.0,1879364340897329154,26.0033090410908,0.0,0.0
1764211515000,2025-11-27 10:45:15.000,104.21491,35.931756,104.20830945692995,35.9260078009324,104.205621,35.926229,0.0,339.0,17735.8,1.0,1,612042023200066,"{""1"":177358,""3"":0,""37"":16,""48"":80,""49"":34,""224"":""AC8="",""225"":177358,""226"":0,""227"":282574488338432,""228"":0,""229"":2240,""230"":0,""231"":0}",0.0,1879347316192227330,31.029180144247984,0.0,0.0
1764211515000,2025-11-27 10:45:15.000,104.214674,35.932236,104.2080738256915,35.92648526382907,104.205414,35.926695,1.0,0.0,20212.8,1.0,1,612042023200098,"{""1"":202128,""3"":0,""37"":0,""48"":80,""49"":20,""224"":""AC8="",""225"":202128,""226"":0,""227"":281474976710656,""228"":0,""229"":0,""230"":0,""231"":0}",0.212,1879353494011949057,0.0,0.0,0.0
1764211515000,2025-11-27 10:45:15.000,104.21499,35.931606,104.20838833445588,35.92585864891449,104.205728,35.926075,0.0,0.0,14783.7,1.0,1,612042023200085,"{""1"":147837,""3"":0,""37"":0,""48"":80,""49"":28,""224"":""AC8="",""225"":147837,""226"":0,""227"":281474976710656,""228"":0,""229"":0,""230"":0,""231"":0}",0.0,1879358279721201665,18.04173318299407,0.0,0.0
1764211515000,2025-11-27 10:45:15.000,104.214792,35.93202,104.20819164238392,35.926270038082826,104.205512,35.926481,0.0,0.0,17726.1,1.0,1,612042023200080,"{""1"":177261,""3"":0,""37"":0,""48"":80,""49"":34,""224"":""AC8="",""225"":177261,""226"":0,""227"":281474976710656,""228"":0,""229"":0,""230"":0,""231"":0}",0.0,1879364340897329154,26.17788404083828,0.0,0.0
1764211516000,2025-11-27 10:45:16.000,104.21491,35.931756,104.20830945692995,35.9260078009324,104.205621,35.92623,0.0,339.0,17735.8,1.0,1,612042023200066,"{""1"":177358,""3"":0,""37"":16,""48"":80,""49"":34,""224"":""AC8="",""225"":177358,""226"":0,""227"":282574488338432,""228"":0,""229"":2240,""230"":0,""231"":0}",0.0,1879347316192227330,31.029180144247984,0.0,0.0
1764211516000,2025-11-27 10:45:16.000,104.214674,35.932236,104.2080738256915,35.92648526382907,104.205414,35.926694,0.0,0.0,20212.8,1.0,1,612042023200098,"{""1"":202128,""3"":0,""37"":0,""48"":80,""49"":19,""224"":""AC8="",""225"":202128,""226"":0,""227"":281474976710656,""228"":0,""229"":0,""230"":0,""231"":0}",0.0,1879353494011949057,0.0,0.0,0.0
1764211516000,2025-11-27 10:45:16.000,104.21499,35.931606,104.20838833445588,35.92585864891449,104.205728,35.926075,0.0,0.0,14783.7,1.0,1,612042023200085,"{""1"":147837,""3"":0,""37"":0,""48"":80,""49"":28,""224"":""AC8="",""225"":147837,""226"":0,""227"":281474976710656,""228"":0,""229"":0,""230"":0,""231"":0}",0.0,1879358279721201665,18.04173318299407,0.0,0.0
1764211516000,2025-11-27 10:45:16.000,104.214792,35.93202,104.20819164238392,35.926270038082826,104.205512,35.926481,0.0,0.0,17726.1,1.0,1,612042023200080,"{""1"":177261,""3"":0,""37"":0,""48"":80,""49"":34,""224"":""AC8="",""225"":177261,""226"":0,""227"":281474976710656,""228"":0,""229"":0,""230"":0,""231"":0}",0.0,1879364340897329154,26.17788404083828,0.0,0.0
1764211517000,2025-11-27 10:45:17.000,104.21491,35.931756,104.20830945692995,35.9260078009324,104.205621,35.92623,0.0,339.0,17735.8,1.0,1,612042023200066,"{""1"":177358,""3"":0,""37"":16,""48"":80,""49"":34,""224"":""AC8="",""225"":177358,""226"":0,""227"":282574488338432,""228"":0,""229"":2200,""230"":0,""231"":0}",0.0,1879347316192227330,31.029180144247984,0.0,0.0
1764211517000,2025-11-27 10:45:17.000,104.214674,35.932235,104.20807382563672,35.92648426358004,104.205414,35.926694,1.0,0.0,20212.8,1.0,1,612042023200098,"{""1"":202128,""3"":0,""37"":0,""48"":80,""49"":20,""224"":""AC8="",""225"":202128,""226"":0,""227"":281474976710656,""228"":0,""229"":0,""230"":0,""231"":0}",0.111,1879353494011949057,0.0,0.0,0.0
1764211517000,2025-11-27 10:45:17.000,104.21499,35.931606,104.20838833445588,35.92585864891449,104.205728,35.926075,0.0,0.0,14783.7,1.0,1,612042023200085,"{""1"":147837,""3"":0,""37"":0,""48"":80,""49"":29,""224"":""AC8="",""225"":147837,""226"":0,""227"":281474976710656,""228"":0,""229"":0,""230"":0,""231"":0}",0.0,1879358279721201665,18.04173318299407,0.0,0.0
1764211517000,2025-11-27 10:45:17.000,104.214792,35.93202,104.20819164238392,35.926270038082826,104.205512,35.926481,0.0,0.0,17726.1,1.0,1,612042023200080,"{""1"":177261,""3"":0,""37"":0,""48"":80,""49"":34,""224"":""AC8="",""225"":177261,""226"":0,""227"":281474976710656,""228"":0,""229"":0,""230"":0,""231"":0}",0.0,1879364340897329154,26.076244507029806,0.0,0.0
1764211518000,2025-11-27 10:45:18.000,104.21491,35.931756,104.20830945692995,35.9260078009324,104.205621,35.92623,0.0,339.0,17735.8,1.0,1,612042023200066,"{""1"":177358,""3"":0,""37"":16,""48"":80,""49"":34,""224"":""AC8="",""225"":177358,""226"":0,""227"":282574488338432,""228"":0,""229"":2120,""230"":0,""231"":0}",0.0,1879347316192227330,31.029180144247984,0.0,0.0
1764211518000,2025-11-27 10:45:18.000,104.214674,35.932234,104.20807382558196,35.926483263331015,104.205414,35.926693,2.0,0.0,20212.8,1.0,1,612042023200098,"{""1"":202128,""3"":0,""37"":0,""48"":80,""49"":19,""224"":""AC8="",""225"":202128,""226"":0,""227"":281474976710656,""228"":0,""229"":0,""230"":0,""231"":0}",0.111,1879353494011949057,0.0,0.0,0.0
1764211518000,2025-11-27 10:45:18.000,104.21499,35.931606,104.20838833445588,35.92585864891449,104.205728,35.926075,0.0,0.0,14783.7,1.0,1,612042023200085,"{""1"":147837,""3"":0,""37"":0,""48"":80,""49"":29,""224"":""AC8="",""225"":147837,""226"":0,""227"":281474976710656,""228"":0,""229"":0,""230"":0,""231"":0}",0.0,1879358279721201665,18.04173318299407,0.0,0.0
1764211518000,2025-11-27 10:45:18.000,104.214792,35.93202,104.20819164238392,35.926270038082826,104.205512,35.926481,0.0,0.0,17726.1,1.0,1,612042023200080,"{""1"":177261,""3"":0,""37"":0,""48"":80,""49"":34,""224"":""AC8="",""225"":177261,""226"":0,""227"":281474976710656,""228"":0,""229"":0,""230"":0,""231"":0}",0.0,1879364340897329154,25.974683505525192,0.0,0.0
1764211519000,2025-11-27 10:45:19.000,104.21491,35.931756,104.20830945692995,35.9260078009324,104.205622,35.92623,0.0,339.0,17735.8,1.0,1,612042023200066,"{""1"":177358,""3"":0,""37"":16,""48"":80,""49"":34,""224"":""AC8="",""225"":177358,""226"":0,""227"":282574488338432,""228"":0,""229"":2000,""230"":0,""231"":0}",0.0,1879347316192227330,31.029180144247984,0.0,0.0
1764211519000,2025-11-27 10:45:19.000,104.214674,35.932233,104.2080738255272,35.926482263081986,104.205414,35.926692,1.0,0.0,20212.8,1.0,1,612042023200098,"{""1"":202128,""3"":0,""37"":0,""48"":80,""49"":19,""224"":""AC8="",""225"":202128,""226"":0,""227"":281474976710656,""228"":0,""229"":0,""230"":0,""231"":0}",0.111,1879353494011949057,0.0,0.0,0.0
1764211519000,2025-11-27 10:45:19.000,104.21499,35.931606,104.20838833445588,35.92585864891449,104.205728,35.926075,0.0,0.0,14783.7,1.0,1,612042023200085,"{""1"":147837,""3"":0,""37"":0,""48"":80,""49"":28,""224"":""AC8="",""225"":147837,""226"":0,""227"":281474976710656,""228"":0,""229"":0,""230"":0,""231"":0}",0.0,1879358279721201665,18.04173318299407,0.0,0.0
1764211519000,2025-11-27 10:45:19.000,104.214792,35.93202,104.20819164238392,35.926270038082826,104.205512,35.926481,0.0,0.0,17726.1,1.0,1,612042023200080,"{""1"":177261,""3"":0,""37"":0,""48"":80,""49"":34,""224"":""AC8="",""225"":177261,""226"":0,""227"":281474976710656,""228"":0,""229"":0,""230"":0,""231"":0}",0.0,1879364340897329154,25.873201962695365,0.0,0.0
1764211520000,2025-11-27 10:45:20.000,104.21491,35.931756,104.20830945692995,35.9260078009324,104.205622,35.92623,0.0,339.0,17735.8,1.0,1,612042023200066,"{""1"":177358,""3"":0,""37"":16,""48"":80,""49"":34,""224"":""AC8="",""225"":177358,""226"":0,""227"":282574488338432,""228"":0,""229"":1960,""230"":0,""231"":0}",0.0,1879347316192227330,31.029180144247984,0.0,0.0
1764211520000,2025-11-27 10:45:20.000,104.214674,35.932233,104.2080738255272,35.926482263081986,104.205414,35.926693,0.0,0.0,20212.8,1.0,1,612042023200098,"{""1"":202128,""3"":0,""37"":0,""48"":80,""49"":19,""224"":""AC8="",""225"":202128,""226"":0,""227"":281474976710656,""228"":0,""229"":0,""230"":0,""231"":0}",0.0,1879353494011949057,0.0,0.0,0.0
1764211520000,2025-11-27 10:45:20.000,104.21499,35.931606,104.20838833445588,35.92585864891449,104.205728,35.926075,0.0,0.0,14783.7,1.0,1,612042023200085,"{""1"":147837,""3"":0,""37"":0,""48"":80,""49"":28,""224"":""AC8="",""225"":147837,""226"":0,""227"":281474976710656,""228"":0,""229"":0,""230"":0,""231"":0}",0.0,1879358279721201665,18.04173318299407,0.0,0.0
1764211520000,2025-11-27 10:45:20.000,104.214792,35.93202,104.20819164238392,35.926270038082826,104.205512,35.926481,0.0,0.0,17726.1,1.0,1,612042023200080,"{""1"":177261,""3"":0,""37"":0,""48"":80,""49"":34,""224"":""AC8="",""225"":177261,""226"":0,""227"":281474976710656,""228"":0,""229"":0,""230"":0,""231"":0}",0.0,1879364340897329154,25.873201962695365,0.0,0.0
1764211521000,2025-11-27 10:45:21.000,104.21491,35.931756,104.20830945692995,35.9260078009324,104.205621,35.92623,0.0,339.0,17735.8,1.0,1,612042023200066,"{""1"":177358,""3"":0,""37"":16,""48"":80,""49"":34,""224"":""AC8="",""225"":177358,""226"":0,""227"":282574488338432,""228"":0,""229"":1880,""230"":0,""231"":0}",0.0,1879347316192227330,31.029180144247984,0.0,0.0
1764211521000,2025-11-27 10:45:21.000,104.214674,35.932235,104.20807382563672,35.92648426358004,104.205414,35.926694,1.0,0.0,20212.8,1.0,1,612042023200098,"{""1"":202128,""3"":0,""37"":0,""48"":80,""49"":19,""224"":""AC8="",""225"":202128,""226"":0,""227"":281474976710656,""228"":0,""229"":0,""230"":0,""231"":0}",0.222,1879353494011949057,0.0,0.0,0.0
1764211521000,2025-11-27 10:45:21.000,104.21499,35.931606,104.20838833445588,35.92585864891449,104.205728,35.926075,0.0,0.0,14783.7,1.0,1,612042023200085,"{""1"":147837,""3"":0,""37"":0,""48"":80,""49"":28,""224"":""AC8="",""225"":147837,""226"":0,""227"":281474976710656,""228"":0,""229"":0,""230"":0,""231"":0}",0.0,1879358279721201665,18.04173318299407,0.0,0.0
1764211521000,2025-11-27 10:45:21.000,104.214792,35.93202,104.20819164238392,35.926270038082826,104.205512,35.926481,0.0,0.0,17726.1,1.0,1,612042023200080,"{""1"":177261,""3"":0,""37"":0,""48"":80,""49"":34,""224"":""AC8="",""225"":177261,""226"":0,""227"":281474976710656,""228"":0,""229"":0,""230"":0,""231"":0}",0.0,1879364340897329154,26.076244507029806,0.0,0.0
1764211522000,2025-11-27 10:45:22.000,104.21491,35.931756,104.20830945692995,35.9260078009324,104.205621,35.926231,0.0,339.0,17735.8,1.0,1,612042023200066,"{""1"":177358,""3"":0,""37"":16,""48"":80,""49"":34,""224"":""AC8="",""225"":177358,""226"":0,""227"":282574488338432,""228"":0,""229"":1920,""230"":0,""231"":0}",0.0,1879347316192227330,31.029180144247984,0.0,0.0
1764211522000,2025-11-27 10:45:22.000,104.214675,35.932235,104.20807482418128,35.92648426211937,104.205415,35.926694,1.0,0.0,20212.8,1.0,1,612042023200098,"{""1"":202128,""3"":0,""37"":0,""48"":80,""49"":19,""224"":""AC8="",""225"":202128,""226"":0,""227"":281474976710656,""228"":0,""229"":0,""230"":0,""231"":0}",0.09,1879353494011949057,0.0,0.0,0.0
1764211522000,2025-11-27 10:45:22.000,104.21499,35.931606,104.20838833445588,35.92585864891449,104.205728,35.926075,0.0,0.0,14783.7,1.0,1,612042023200085,"{""1"":147837,""3"":0,""37"":0,""48"":80,""49"":28,""224"":""AC8="",""225"":147837,""226"":0,""227"":281474976710656,""228"":0,""229"":0,""230"":0,""231"":0}",0.0,1879358279721201665,18.04173318299407,0.0,0.0
1764211522000,2025-11-27 10:45:22.000,104.214792,35.93202,104.20819164238392,35.926270038082826,104.205512,35.926481,0.0,0.0,17726.1,1.0,1,612042023200080,"{""1"":177261,""3"":0,""37"":0,""48"":80,""49"":34,""224"":""AC8="",""225"":177261,""226"":0,""227"":281474976710656,""228"":0,""229"":0,""230"":0,""231"":0}",0.0,1879364340897329154,26.03964708226959,0.0,0.0
1764211523000,2025-11-27 10:45:23.000,104.21491,35.931756,104.20830945692995,35.9260078009324,104.205621,35.92623,0.0,339.0,17735.8,1.0,1,612042023200066,"{""1"":177358,""3"":0,""37"":16,""48"":80,""49"":34,""224"":""AC8="",""225"":177358,""226"":0,""227"":282574488338432,""228"":0,""229"":1920,""230"":0,""231"":0}",0.0,1879347316192227330,31.029180144247984,0.0,0.0
1764211523000,2025-11-27 10:45:23.000,104.214675,35.932235,104.20807482418128,35.92648426211937,104.205414,35.926694,0.0,0.0,20212.8,1.0,1,612042023200098,"{""1"":202128,""3"":0,""37"":0,""48"":80,""49"":19,""224"":""AC8="",""225"":202128,""226"":0,""227"":281474976710656,""228"":0,""229"":0,""230"":0,""231"":0}",0.0,1879353494011949057,0.0,0.0,0.0
1764211523000,2025-11-27 10:45:23.000,104.21499,35.931606,104.20838833445588,35.92585864891449,104.205728,35.926075,0.0,0.0,14783.7,1.0,1,612042023200085,"{""1"":147837,""3"":0,""37"":0,""48"":80,""49"":28,""224"":""AC8="",""225"":147837,""226"":0,""227"":281474976710656,""228"":0,""229"":0,""230"":0,""231"":0}",0.0,1879358279721201665,18.04173318299407,0.0,0.0
1764211523000,2025-11-27 10:45:23.000,104.214792,35.93202,104.20819164238392,35.926270038082826,104.205512,35.926481,0.0,0.0,17726.1,1.0,1,612042023200080,"{""1"":177261,""3"":0,""37"":0,""48"":80,""49"":34,""224"":""AC8="",""225"":177261,""226"":0,""227"":281474976710656,""228"":0,""229"":0,""230"":0,""231"":0}",0.0,1879364340897329154,26.03964708226959,0.0,0.0
1764211524000,2025-11-27 10:45:24.000,104.21491,35.931756,104.20830945692995,35.9260078009324,104.205621,35.92623,0.0,339.0,17735.8,1.0,1,612042023200066,"{""1"":177358,""3"":0,""37"":16,""48"":80,""49"":34,""224"":""AC8="",""225"":177358,""226"":0,""227"":282574488338432,""228"":0,""229"":1920,""230"":0,""231"":0}",0.0,1879347316192227330,31.029180144247984,0.0,0.0
1764211524000,2025-11-27 10:45:24.000,104.214675,35.932234,104.20807482412653,35.926483261870345,104.205415,35.926693,1.0,0.0,20212.8,1.0,1,612042023200098,"{""1"":202128,""3"":0,""37"":0,""48"":80,""49"":18,""224"":""AC8="",""225"":202128,""226"":0,""227"":281474976710656,""228"":0,""229"":0,""230"":0,""231"":0}",0.111,1879353494011949057,0.0,0.0,0.0
1764211524000,2025-11-27 10:45:24.000,104.21499,35.931606,104.20838833445588,35.92585864891449,104.205728,35.926075,0.0,0.0,14783.7,1.0,1,612042023200085,"{""1"":147837,""3"":0,""37"":0,""48"":80,""49"":28,""224"":""AC8="",""225"":147837,""226"":0,""227"":281474976710656,""228"":0,""229"":0,""230"":0,""231"":0}",0.0,1879358279721201665,18.04173318299407,0.0,0.0
1764211524000,2025-11-27 10:45:24.000,104.214792,35.93202,104.20819164238392,35.926270038082826,104.205512,35.926481,0.0,0.0,17726.1,1.0,1,612042023200080,"{""1"":177261,""3"":0,""37"":0,""48"":80,""49"":34,""224"":""AC8="",""225"":177261,""226"":0,""227"":281474976710656,""228"":0,""229"":0,""230"":0,""231"":0}",0.0,1879364340897329154,25.937943462181902,0.0,0.0
1764211525000,2025-11-27 10:45:25.000,104.21491,35.931756,104.20830945692995,35.9260078009324,104.205621,35.926231,0.0,339.0,17735.8,1.0,1,612042023200066,"{""1"":177358,""3"":0,""37"":16,""48"":80,""49"":34,""224"":""AC8="",""225"":177358,""226"":0,""227"":282574488338432,""228"":0,""229"":1920,""230"":0,""231"":0}",0.0,1879347316192227330,31.029180144247984,0.0,0.0
1764211525000,2025-11-27 10:45:25.000,104.214675,35.932235,104.20807482418128,35.92648426211937,104.205415,35.926694,1.0,0.0,20212.8,1.0,1,612042023200098,"{""1"":202128,""3"":0,""37"":0,""48"":80,""49"":17,""224"":""AC8="",""225"":202128,""226"":0,""227"":281474976710656,""228"":0,""229"":0,""230"":0,""231"":0}",0.111,1879353494011949057,0.0,0.0,0.0
1764211525000,2025-11-27 10:45:25.000,104.21499,35.931606,104.20838833445588,35.92585864891449,104.205728,35.926076,0.0,0.0,14783.7,1.0,1,612042023200085,"{""1"":147837,""3"":0,""37"":0,""48"":80,""49"":28,""224"":""AC8="",""225"":147837,""226"":0,""227"":281474976710656,""228"":0,""229"":0,""230"":0,""231"":0}",0.0,1879358279721201665,18.04173318299407,0.0,0.0
1764211525000,2025-11-27 10:45:25.000,104.214792,35.93202,104.20819164238392,35.926270038082826,104.205512,35.926481,0.0,0.0,17726.1,1.0,1,612042023200080,"{""1"":177261,""3"":0,""37"":0,""48"":80,""49"":34,""224"":""AC8="",""225"":177261,""226"":0,""227"":281474976710656,""228"":0,""229"":0,""230"":0,""231"":0}",0.0,1879364340897329154,26.03964708226959,0.0,0.0
1764211526000,2025-11-27 10:45:26.000,104.21491,35.931756,104.20830945692995,35.9260078009324,104.205621,35.926231,0.0,339.0,17735.8,1.0,1,612042023200066,"{""1"":177358,""3"":0,""37"":16,""48"":80,""49"":34,""224"":""AC8="",""225"":177358,""226"":0,""227"":282574488338432,""228"":0,""229"":1920,""230"":0,""231"":0}",0.0,1879347316192227330,31.029180144247984,0.0,0.0
1764211526000,2025-11-27 10:45:26.000,104.214675,35.932235,104.20807482418128,35.92648426211937,104.205415,35.926694,0.0,0.0,20212.8,1.0,1,612042023200098,"{""1"":202128,""3"":0,""37"":0,""48"":80,""49"":19,""224"":""AC8="",""225"":202128,""226"":0,""227"":281474976710656,""228"":0,""229"":0,""230"":0,""231"":0}",0.0,1879353494011949057,0.0,0.0,0.0
1764211526000,2025-11-27 10:45:26.000,104.21499,35.931606,104.20838833445588,35.92585864891449,104.205728,35.926075,0.0,0.0,14783.7,1.0,1,612042023200085,"{""1"":147837,""3"":0,""37"":0,""48"":80,""49"":28,""224"":""AC8="",""225"":147837,""226"":0,""227"":281474976710656,""228"":0,""229"":0,""230"":0,""231"":0}",0.0,1879358279721201665,18.04173318299407,0.0,0.0
1764211526000,2025-11-27 10:45:26.000,104.214792,35.93202,104.20819164238392,35.926270038082826,104.205513,35.926481,0.0,0.0,17726.1,1.0,1,612042023200080,"{""1"":177261,""3"":0,""37"":0,""48"":80,""49"":34,""224"":""AC8="",""225"":177261,""226"":0,""227"":281474976710656,""228"":0,""229"":0,""230"":0,""231"":0}",0.0,1879364340897329154,26.03964708226959,0.0,0.0
1764211527000,2025-11-27 10:45:27.000,104.21491,35.931756,104.20830945692995,35.9260078009324,104.205621,35.926231,0.0,339.0,17735.8,1.0,1,612042023200066,"{""1"":177358,""3"":0,""37"":16,""48"":80,""49"":34,""224"":""AC8="",""225"":177358,""226"":0,""227"":282574488338432,""228"":0,""229"":1920,""230"":0,""231"":0}",0.0,1879347316192227330,31.029180144247984,0.0,0.0
1764211527000,2025-11-27 10:45:27.000,104.214675,35.932235,104.20807482418128,35.92648426211937,104.205415,35.926694,1.0,0.0,20212.8,1.0,1,612042023200098,"{""1"":202128,""3"":0,""37"":0,""48"":80,""49"":19,""224"":""AC8="",""225"":202128,""226"":0,""227"":281474976710656,""228"":0,""229"":0,""230"":0,""231"":0}",0.0,1879353494011949057,0.0,0.0,0.0
1764211527000,2025-11-27 10:45:27.000,104.21499,35.931606,104.20838833445588,35.92585864891449,104.205728,35.926075,0.0,0.0,14783.7,1.0,1,612042023200085,"{""1"":147837,""3"":0,""37"":0,""48"":80,""49"":28,""224"":""AC8="",""225"":147837,""226"":0,""227"":281474976710656,""228"":0,""229"":0,""230"":0,""231"":0}",0.0,1879358279721201665,18.04173318299407,0.0,0.0
1764211527000,2025-11-27 10:45:27.000,104.214792,35.93202,104.20819164238392,35.926270038082826,104.205513,35.926481,0.0,0.0,17726.1,1.0,1,612042023200080,"{""1"":177261,""3"":0,""37"":0,""48"":80,""49"":34,""224"":""AC8="",""225"":177261,""226"":0,""227"":281474976710656,""228"":0,""229"":0,""230"":0,""231"":0}",0.0,1879364340897329154,26.03964708226959,0.0,0.0
1764211528000,2025-11-27 10:45:28.000,104.21491,35.931756,104.20830945692995,35.9260078009324,104.205622,35.926231,0.0,339.0,17735.8,1.0,1,612042023200066,"{""1"":177358,""3"":0,""37"":16,""48"":80,""49"":34,""224"":""AC8="",""225"":177358,""226"":0,""227"":282574488338432,""228"":0,""229"":1920,""230"":0,""231"":0}",0.0,1879347316192227330,31.029180144247984,0.0,0.0
1764211528000,2025-11-27 10:45:28.000,104.214676,35.932235,104.20807582272585,35.92648426065872,104.205416,35.926694,1.0,0.0,20212.8,1.0,1,612042023200098,"{""1"":202128,""3"":0,""37"":0,""48"":80,""49"":20,""224"":""AC8="",""225"":202128,""226"":0,""227"":281474976710656,""228"":0,""229"":0,""230"":0,""231"":0}",0.09,1879353494011949057,0.0,0.0,0.0
1764211528000,2025-11-27 10:45:28.000,104.21499,35.931606,104.20838833445588,35.92585864891449,104.205728,35.926075,0.0,0.0,14783.7,1.0,1,612042023200085,"{""1"":147837,""3"":0,""37"":0,""48"":80,""49"":28,""224"":""AC8="",""225"":147837,""226"":0,""227"":281474976710656,""228"":0,""229"":0,""230"":0,""231"":0}",0.0,1879358279721201665,18.04173318299407,0.0,0.0
1764211528000,2025-11-27 10:45:28.000,104.214792,35.93202,104.20819164238392,35.926270038082826,104.205513,35.926481,0.0,0.0,17726.1,1.0,1,612042023200080,"{""1"":177261,""3"":0,""37"":0,""48"":80,""49"":34,""224"":""AC8="",""225"":177261,""226"":0,""227"":281474976710656,""228"":0,""229"":0,""230"":0,""231"":0}",0.0,1879364340897329154,26.0033090410908,0.0,0.0
1764211529000,2025-11-27 10:45:29.000,104.21491,35.931756,104.20830945692995,35.9260078009324,104.205622,35.926231,0.0,339.0,17735.8,1.0,1,612042023200066,"{""1"":177358,""3"":0,""37"":16,""48"":80,""49"":34,""224"":""AC8="",""225"":177358,""226"":0,""227"":282574488338432,""228"":0,""229"":1920,""230"":0,""231"":0}",0.0,1879347316192227330,31.029180144247984,0.0,0.0
1764211529000,2025-11-27 10:45:29.000,104.214675,35.932234,104.20807482412653,35.926483261870345,104.205415,35.926693,1.0,0.0,20212.8,1.0,1,612042023200098,"{""1"":202128,""3"":0,""37"":0,""48"":80,""49"":18,""224"":""AC8="",""225"":202128,""226"":0,""227"":281474976710656,""228"":0,""229"":0,""230"":0,""231"":0}",0.143,1879353494011949057,0.0,0.0,0.0
1764211529000,2025-11-27 10:45:29.000,104.21499,35.931606,104.20838833445588,35.92585864891449,104.205728,35.926076,0.0,0.0,14783.7,1.0,1,612042023200085,"{""1"":147837,""3"":0,""37"":0,""48"":80,""49"":28,""224"":""AC8="",""225"":147837,""226"":0,""227"":281474976710656,""228"":0,""229"":0,""230"":0,""231"":0}",0.0,1879358279721201665,18.04173318299407,0.0,0.0
1764211529000,2025-11-27 10:45:29.000,104.214792,35.93202,104.20819164238392,35.926270038082826,104.205513,35.926481,0.0,0.0,17726.1,1.0,1,612042023200080,"{""1"":177261,""3"":0,""37"":0,""48"":80,""49"":34,""224"":""AC8="",""225"":177261,""226"":0,""227"":281474976710656,""228"":0,""229"":0,""230"":0,""231"":0}",0.0,1879364340897329154,25.937943462181902,0.0,0.0
1764211530000,2025-11-27 10:45:30.000,104.21491,35.931756,104.20830945692995,35.9260078009324,104.205622,35.926231,0.0,339.0,17735.8,1.0,1,612042023200066,"{""1"":177358,""3"":0,""37"":16,""48"":80,""49"":34,""224"":""AC8="",""225"":177358,""226"":0,""227"":282574488338432,""228"":0,""229"":1920,""230"":0,""231"":0}",0.0,1879347316192227330,31.029180144247984,0.0,0.0
1764211530000,2025-11-27 10:45:30.000,104.214676,35.932234,104.20807582267108,35.9264832604097,104.205416,35.926693,1.0,0.0,20212.8,1.0,1,612042023200098,"{""1"":202128,""3"":0,""37"":0,""48"":80,""49"":19,""224"":""AC8="",""225"":202128,""226"":0,""227"":281474976710656,""228"":0,""229"":0,""230"":0,""231"":0}",0.09,1879353494011949057,0.0,0.0,0.0
1764211530000,2025-11-27 10:45:30.000,104.21499,35.931606,104.20838833445588,35.92585864891449,104.205728,35.926076,0.0,0.0,14783.7,1.0,1,612042023200085,"{""1"":147837,""3"":0,""37"":0,""48"":80,""49"":29,""224"":""AC8="",""225"":147837,""226"":0,""227"":281474976710656,""228"":0,""229"":0,""230"":0,""231"":0}",0.0,1879358279721201665,18.04173318299407,0.0,0.0
1764211530000,2025-11-27 10:45:30.000,104.214792,35.93202,104.20819164238392,35.926270038082826,104.205513,35.926481,0.0,0.0,17726.1,1.0,1,612042023200080,"{""1"":177261,""3"":0,""37"":0,""48"":80,""49"":35,""224"":""AC8="",""225"":177261,""226"":0,""227"":281474976710656,""228"":0,""229"":0,""230"":0,""231"":0}",0.0,1879364340897329154,25.901463418304903,0.0,0.0
1764211531000,2025-11-27 10:45:31.000,104.21491,35.931756,104.20830945692995,35.9260078009324,104.205622,35.926231,0.0,339.0,17735.8,1.0,1,612042023200066,"{""1"":177358,""3"":0,""37"":16,""48"":80,""49"":34,""224"":""AC8="",""225"":177358,""226"":0,""227"":282574488338432,""228"":0,""229"":1920,""230"":0,""231"":0}",0.0,1879347316192227330,31.029180144247984,0.0,0.0
1764211531000,2025-11-27 10:45:31.000,104.214676,35.932234,104.20807582267108,35.9264832604097,104.205416,35.926693,1.0,0.0,20212.8,1.0,1,612042023200098,"{""1"":202128,""3"":0,""37"":0,""48"":80,""49"":17,""224"":""AC8="",""225"":202128,""226"":0,""227"":281474976710656,""228"":0,""229"":0,""230"":0,""231"":0}",0.0,1879353494011949057,0.0,0.0,0.0
1764211531000,2025-11-27 10:45:31.000,104.21499,35.931606,104.20838833445588,35.92585864891449,104.205728,35.926076,0.0,0.0,14783.7,1.0,1,612042023200085,"{""1"":147837,""3"":0,""37"":0,""48"":80,""49"":29,""224"":""AC8="",""225"":147837,""226"":0,""227"":281474976710656,""228"":0,""229"":0,""230"":0,""231"":0}",0.0,1879358279721201665,18.04173318299407,0.0,0.0
1764211531000,2025-11-27 10:45:31.000,104.214792,35.93202,104.20819164238392,35.926270038082826,104.205513,35.926481,0.0,0.0,17726.1,1.0,1,612042023200080,"{""1"":177261,""3"":0,""37"":0,""48"":80,""49"":34,""224"":""AC8="",""225"":177261,""226"":0,""227"":281474976710656,""228"":0,""229"":0,""230"":0,""231"":0}",0.0,1879364340897329154,25.901463418304903,0.0,0.0
1764211532000,2025-11-27 10:45:32.000,104.21491,35.931756,104.20830945692995,35.9260078009324,104.205622,35.926231,0.0,339.0,17735.8,1.0,1,612042023200066,"{""1"":177358,""3"":0,""37"":16,""48"":80,""49"":34,""224"":""AC8="",""225"":177358,""226"":0,""227"":282574488338432,""228"":0,""229"":1920,""230"":0,""231"":0}",0.0,1879347316192227330,31.029180144247984,0.0,0.0
1764211532000,2025-11-27 10:45:32.000,104.214676,35.932234,104.20807582267108,35.9264832604097,104.205417,35.926692,0.0,0.0,20212.8,1.0,1,612042023200098,"{""1"":202128,""3"":0,""37"":16,""48"":80,""49"":18,""224"":""AC8="",""225"":202128,""226"":0,""227"":282574488338432,""228"":0,""229"":1760,""230"":0,""231"":0}",0.0,1879353494011949057,0.0,0.0,0.0
1764211532000,2025-11-27 10:45:32.000,104.21499,35.931606,104.20838833445588,35.92585864891449,104.205728,35.926076,0.0,0.0,14783.7,1.0,1,612042023200085,"{""1"":147837,""3"":0,""37"":0,""48"":80,""49"":28,""224"":""AC8="",""225"":147837,""226"":0,""227"":281474976710656,""228"":0,""229"":0,""230"":0,""231"":0}",0.0,1879358279721201665,18.04173318299407,0.0,0.0
1764211532000,2025-11-27 10:45:32.000,104.214792,35.93202,104.20819164238392,35.926270038082826,104.205513,35.926481,0.0,0.0,17726.1,1.0,1,612042023200080,"{""1"":177261,""3"":0,""37"":0,""48"":80,""49"":34,""224"":""AC8="",""225"":177261,""226"":0,""227"":281474976710656,""228"":0,""229"":0,""230"":0,""231"":0}",0.0,1879364340897329154,25.901463418304903,0.0,0.0
1764211533000,2025-11-27 10:45:33.000,104.21491,35.931756,104.20830945692995,35.9260078009324,104.205622,35.926232,0.0,339.0,17735.8,1.0,1,612042023200066,"{""1"":177358,""3"":0,""37"":16,""48"":80,""49"":34,""224"":""AC8="",""225"":177358,""226"":0,""227"":282574488338432,""228"":0,""229"":1920,""230"":0,""231"":0}",0.0,1879347316192227330,31.029180144247984,0.0,0.0
1764211533000,2025-11-27 10:45:33.000,104.214676,35.932234,104.20807582267108,35.9264832604097,104.205416,35.926692,0.0,0.0,20212.8,1.0,1,612042023200098,"{""1"":202128,""3"":0,""37"":16,""48"":80,""49"":18,""224"":""AC8="",""225"":202128,""226"":0,""227"":282574488338432,""228"":0,""229"":1560,""230"":0,""231"":0}",0.0,1879353494011949057,0.0,0.0,0.0
1764211533000,2025-11-27 10:45:33.000,104.21499,35.931606,104.20838833445588,35.92585864891449,104.205728,35.926076,0.0,0.0,14783.7,1.0,1,612042023200085,"{""1"":147837,""3"":0,""37"":0,""48"":80,""49"":29,""224"":""AC8="",""225"":147837,""226"":0,""227"":281474976710656,""228"":0,""229"":0,""230"":0,""231"":0}",0.0,1879358279721201665,18.04173318299407,0.0,0.0
1764211533000,2025-11-27 10:45:33.000,104.214792,35.93202,104.20819164238392,35.926270038082826,104.205513,35.926481,0.0,0.0,17726.1,1.0,1,612042023200080,"{""1"":177261,""3"":0,""37"":0,""48"":80,""49"":34,""224"":""AC8="",""225"":177261,""226"":0,""227"":281474976710656,""228"":0,""229"":0,""230"":0,""231"":0}",0.0,1879364340897329154,25.901463418304903,0.0,0.0
1764211534000,2025-11-27 10:45:34.000,104.21491,35.931756,104.20830945692995,35.9260078009324,104.205622,35.926232,0.0,339.0,17735.8,1.0,1,612042023200066,"{""1"":177358,""3"":0,""37"":16,""48"":80,""49"":34,""224"":""AC8="",""225"":177358,""226"":0,""227"":282574488338432,""228"":0,""229"":1920,""230"":0,""231"":0}",0.0,1879347316192227330,31.029180144247984,0.0,0.0
1764211534000,2025-11-27 10:45:34.000,104.214678,35.932234,104.20807781976032,35.92648325748847,104.205418,35.926693,1.0,0.0,20212.8,1.0,1,612042023200098,"{""1"":202128,""3"":0,""37"":0,""48"":80,""49"":18,""224"":""AC8="",""225"":202128,""226"":0,""227"":281474976710656,""228"":0,""229"":0,""230"":0,""231"":0}",0.18,1879353494011949057,0.0,0.0,0.0
1764211534000,2025-11-27 10:45:34.000,104.21499,35.931606,104.20838833445588,35.92585864891449,104.205728,35.926076,0.0,0.0,14783.7,1.0,1,612042023200085,"{""1"":147837,""3"":0,""37"":0,""48"":80,""49"":29,""224"":""AC8="",""225"":147837,""226"":0,""227"":281474976710656,""228"":0,""229"":0,""230"":0,""231"":0}",0.0,1879358279721201665,18.04173318299407,0.0,0.0
1764211534000,2025-11-27 10:45:34.000,104.214792,35.93202,104.20819164238392,35.926270038082826,104.205513,35.926481,0.0,0.0,17726.1,1.0,1,612042023200080,"{""1"":177261,""3"":0,""37"":0,""48"":80,""49"":34,""224"":""AC8="",""225"":177261,""226"":0,""227"":281474976710656,""228"":0,""229"":0,""230"":0,""231"":0}",0.0,1879364340897329154,25.82928772169871,0.0,0.0
1764211535000,2025-11-27 10:45:35.000,104.21491,35.931756,104.20830945692995,35.9260078009324,104.205622,35.926232,0.0,339.0,17735.8,1.0,1,612042023200066,"{""1"":177358,""3"":0,""37"":16,""48"":80,""49"":34,""224"":""AC8="",""225"":177358,""226"":0,""227"":282574488338432,""228"":0,""229"":1920,""230"":0,""231"":0}",0.0,1879347316192227330,31.029180144247984,0.0,0.0
1764211535000,2025-11-27 10:45:35.000,104.214678,35.932235,104.20807781981507,35.92648425773749,104.205418,35.926694,1.0,0.0,20212.8,1.0,1,612042023200098,"{""1"":202128,""3"":0,""37"":0,""48"":80,""49"":18,""224"":""AC8="",""225"":202128,""226"":0,""227"":281474976710656,""228"":0,""229"":0,""230"":0,""231"":0}",0.111,1879353494011949057,0.0,0.0,0.0
1764211535000,2025-11-27 10:45:35.000,104.21499,35.931606,104.20838833445588,35.92585864891449,104.205728,35.926076,0.0,0.0,14783.7,1.0,1,612042023200085,"{""1"":147837,""3"":0,""37"":0,""48"":80,""49"":28,""224"":""AC8="",""225"":147837,""226"":0,""227"":281474976710656,""228"":0,""229"":0,""230"":0,""231"":0}",0.0,1879358279721201665,18.04173318299407,0.0,0.0
1764211535000,2025-11-27 10:45:35.000,104.214792,35.93202,104.20819164238392,35.926270038082826,104.205513,35.926481,0.0,0.0,17726.1,1.0,1,612042023200080,"{""1"":177261,""3"":0,""37"":0,""48"":80,""49"":34,""224"":""AC8="",""225"":177261,""226"":0,""227"":281474976710656,""228"":0,""229"":0,""230"":0,""231"":0}",0.0,1879364340897329154,25.931415458434902,0.0,0.0
1764211536000,2025-11-27 10:45:36.000,104.21491,35.931756,104.20830945692995,35.9260078009324,104.205622,35.926232,0.0,339.0,17735.8,1.0,1,612042023200066,"{""1"":177358,""3"":0,""37"":16,""48"":80,""49"":34,""224"":""AC8="",""225"":177358,""226"":0,""227"":282574488338432,""228"":0,""229"":1920,""230"":0,""231"":0}",0.0,1879347316192227330,31.029180144247984,0.0,0.0
1764211536000,2025-11-27 10:45:36.000,104.214678,35.932235,104.20807781981507,35.92648425773749,104.205417,35.926695,0.0,0.0,20212.8,1.0,1,612042023200098,"{""1"":202128,""3"":0,""37"":0,""48"":80,""49"":19,""224"":""AC8="",""225"":202128,""226"":0,""227"":281474976710656,""228"":0,""229"":0,""230"":0,""231"":0}",0.0,1879353494011949057,0.0,0.0,0.0
1764211536000,2025-11-27 10:45:36.000,104.21499,35.931606,104.20838833445588,35.92585864891449,104.205728,35.926076,0.0,0.0,14783.7,1.0,1,612042023200085,"{""1"":147837,""3"":0,""37"":0,""48"":80,""49"":28,""224"":""AC8="",""225"":147837,""226"":0,""227"":281474976710656,""228"":0,""229"":0,""230"":0,""231"":0}",0.0,1879358279721201665,18.04173318299407,0.0,0.0
1764211536000,2025-11-27 10:45:36.000,104.214792,35.93202,104.20819164238392,35.926270038082826,104.205513,35.926481,0.0,0.0,17726.1,1.0,1,612042023200080,"{""1"":177261,""3"":0,""37"":0,""48"":80,""49"":34,""224"":""AC8="",""225"":177261,""226"":0,""227"":281474976710656,""228"":0,""229"":0,""230"":0,""231"":0}",0.0,1879364340897329154,25.931415458434902,0.0,0.0
1764211537000,2025-11-27 10:45:37.000,104.21491,35.931756,104.20830945692995,35.9260078009324,104.205622,35.926232,0.0,339.0,17735.8,1.0,1,612042023200066,"{""1"":177358,""3"":0,""37"":16,""48"":80,""49"":34,""224"":""AC8="",""225"":177358,""226"":0,""227"":282574488338432,""228"":0,""229"":1920,""230"":0,""231"":0}",0.0,1879347316192227330,31.029180144247984,0.0,0.0
1764211537000,2025-11-27 10:45:37.000,104.214678,35.932235,104.20807781981507,35.92648425773749,104.205417,35.926693,0.0,0.0,20212.8,1.0,1,612042023200098,"{""1"":202128,""3"":0,""37"":0,""48"":80,""49"":19,""224"":""AC8="",""225"":202128,""226"":0,""227"":281474976710656,""228"":0,""229"":0,""230"":0,""231"":0}",0.0,1879353494011949057,0.0,0.0,0.0
1764211537000,2025-11-27 10:45:37.000,104.21499,35.931606,104.20838833445588,35.92585864891449,104.205728,35.926076,0.0,0.0,14783.7,1.0,1,612042023200085,"{""1"":147837,""3"":0,""37"":0,""48"":80,""49"":28,""224"":""AC8="",""225"":147837,""226"":0,""227"":281474976710656,""228"":0,""229"":0,""230"":0,""231"":0}",0.0,1879358279721201665,18.04173318299407,0.0,0.0
1764211537000,2025-11-27 10:45:37.000,104.214792,35.93202,104.20819164238392,35.926270038082826,104.205513,35.926481,0.0,0.0,17726.1,1.0,1,612042023200080,"{""1"":177261,""3"":0,""37"":0,""48"":80,""49"":34,""224"":""AC8="",""225"":177261,""226"":0,""227"":281474976710656,""228"":0,""229"":0,""230"":0,""231"":0}",0.0,1879364340897329154,25.931415458434902,0.0,0.0
1764211538000,2025-11-27 10:45:38.000,104.21491,35.931756,104.20830945692995,35.9260078009324,104.205622,35.926232,0.0,339.0,17735.8,1.0,1,612042023200066,"{""1"":177358,""3"":0,""37"":16,""48"":80,""49"":34,""224"":""AC8="",""225"":177358,""226"":0,""227"":282574488338432,""228"":0,""229"":1920,""230"":0,""231"":0}",0.0,1879347316192227330,31.029180144247984,0.0,0.0
1764211538000,2025-11-27 10:45:38.000,104.214677,35.932234,104.20807682121568,35.92648325894907,104.205417,35.926693,1.0,0.0,20212.8,1.0,1,612042023200098,"{""1"":202128,""3"":0,""37"":0,""48"":80,""49"":17,""224"":""AC8="",""225"":202128,""226"":0,""227"":281474976710656,""228"":0,""229"":0,""230"":0,""231"":0}",0.143,1879353494011949057,0.0,0.0,0.0
1764211538000,2025-11-27 10:45:38.000,104.21499,35.931606,104.20838833445588,35.92585864891449,104.205728,35.926076,0.0,0.0,14783.7,1.0,1,612042023200085,"{""1"":147837,""3"":0,""37"":0,""48"":80,""49"":28,""224"":""AC8="",""225"":147837,""226"":0,""227"":281474976710656,""228"":0,""229"":0,""230"":0,""231"":0}",0.0,1879358279721201665,18.04173318299407,0.0,0.0
1764211538000,2025-11-27 10:45:38.000,104.214792,35.93202,104.20819164238392,35.926270038082826,104.205514,35.926481,0.0,0.0,17726.1,1.0,1,612042023200080,"{""1"":177261,""3"":0,""37"":0,""48"":80,""49"":34,""224"":""AC8="",""225"":177261,""226"":0,""227"":281474976710656,""228"":0,""229"":0,""230"":0,""231"":0}",0.0,1879364340897329154,25.865244471424266,0.0,0.0
1764211539000,2025-11-27 10:45:39.000,104.21491,35.931756,104.20830945692995,35.9260078009324,104.205622,35.926232,0.0,339.0,17735.8,1.0,1,612042023200066,"{""1"":177358,""3"":0,""37"":16,""48"":80,""49"":34,""224"":""AC8="",""225"":177358,""226"":0,""227"":282574488338432,""228"":0,""229"":1920,""230"":0,""231"":0}",0.0,1879347316192227330,31.029180144247984,0.0,0.0
1764211539000,2025-11-27 10:45:39.000,104.214676,35.932234,104.20807582267108,35.9264832604097,104.205416,35.926693,1.0,0.0,20212.8,1.0,1,612042023200098,"{""1"":202128,""3"":0,""37"":0,""48"":80,""49"":18,""224"":""AC8="",""225"":202128,""226"":0,""227"":281474976710656,""228"":0,""229"":0,""230"":0,""231"":0}",0.09,1879353494011949057,0.0,0.0,0.0
1764211539000,2025-11-27 10:45:39.000,104.21499,35.931606,104.20838833445588,35.92585864891449,104.205728,35.926076,0.0,0.0,14783.7,1.0,1,612042023200085,"{""1"":147837,""3"":0,""37"":0,""48"":80,""49"":28,""224"":""AC8="",""225"":147837,""226"":0,""227"":281474976710656,""228"":0,""229"":0,""230"":0,""231"":0}",0.0,1879358279721201665,18.04173318299407,0.0,0.0
1764211539000,2025-11-27 10:45:39.000,104.214792,35.93202,104.20819164238392,35.926270038082826,104.205514,35.926481,0.0,0.0,17726.1,1.0,1,612042023200080,"{""1"":177261,""3"":0,""37"":0,""48"":80,""49"":34,""224"":""AC8="",""225"":177261,""226"":0,""227"":281474976710656,""228"":0,""229"":0,""230"":0,""231"":0}",0.0,1879364340897329154,25.901463418304903,0.0,0.0
1764211540000,2025-11-27 10:45:40.000,104.21491,35.931756,104.20830945692995,35.9260078009324,104.205622,35.926232,0.0,339.0,17735.8,1.0,1,612042023200066,"{""1"":177358,""3"":0,""37"":16,""48"":80,""49"":33,""224"":""AC8="",""225"":177358,""226"":0,""227"":282574488338432,""228"":0,""229"":1920,""230"":0,""231"":0}",0.0,1879347316192227330,31.029180144247984,0.0,0.0
1764211540000,2025-11-27 10:45:40.000,104.214676,35.932234,104.20807582267108,35.9264832604097,104.205416,35.926692,0.0,0.0,20212.8,1.0,1,612042023200098,"{""1"":202128,""3"":0,""37"":0,""48"":80,""49"":17,""224"":""AC8="",""225"":202128,""226"":0,""227"":281474976710656,""228"":0,""229"":0,""230"":0,""231"":0}",0.0,1879353494011949057,0.0,0.0,0.0
1764211540000,2025-11-27 10:45:40.000,104.21499,35.931606,104.20838833445588,35.92585864891449,104.205728,35.926076,0.0,0.0,14783.7,1.0,1,612042023200085,"{""1"":147837,""3"":0,""37"":0,""48"":80,""49"":29,""224"":""AC8="",""225"":147837,""226"":0,""227"":281474976710656,""228"":0,""229"":0,""230"":0,""231"":0}",0.0,1879358279721201665,18.04173318299407,0.0,0.0
1764211540000,2025-11-27 10:45:40.000,104.214792,35.93202,104.20819164238392,35.926270038082826,104.205514,35.926481,0.0,0.0,17726.1,1.0,1,612042023200080,"{""1"":177261,""3"":0,""37"":0,""48"":80,""49"":34,""224"":""AC8="",""225"":177261,""226"":0,""227"":281474976710656,""228"":0,""229"":0,""230"":0,""231"":0}",0.0,1879364340897329154,25.901463418304903,0.0,0.0
1764211541000,2025-11-27 10:45:41.000,104.21491,35.931756,104.20830945692995,35.9260078009324,104.205622,35.926232,0.0,339.0,17735.8,1.0,1,612042023200066,"{""1"":177358,""3"":0,""37"":16,""48"":80,""49"":34,""224"":""AC8="",""225"":177358,""226"":0,""227"":282574488338432,""228"":0,""229"":1920,""230"":0,""231"":0}",0.0,1879347316192227330,31.029180144247984,0.0,0.0
1764211541000,2025-11-27 10:45:41.000,104.214677,35.932234,104.20807682121568,35.92648325894907,104.205417,35.926693,1.0,0.0,20212.8,1.0,1,612042023200098,"{""1"":202128,""3"":0,""37"":0,""48"":80,""49"":18,""224"":""AC8="",""225"":202128,""226"":0,""227"":281474976710656,""228"":0,""229"":40,""230"":0,""231"":0}",0.09,1879353494011949057,0.0,0.0,0.0
1764211541000,2025-11-27 10:45:41.000,104.21499,35.931606,104.20838833445588,35.92585864891449,104.205728,35.926076,0.0,0.0,14783.7,1.0,1,612042023200085,"{""1"":147837,""3"":0,""37"":0,""48"":80,""49"":29,""224"":""AC8="",""225"":147837,""226"":0,""227"":281474976710656,""228"":0,""229"":0,""230"":0,""231"":0}",0.0,1879358279721201665,18.04173318299407,0.0,0.0
1764211541000,2025-11-27 10:45:41.000,104.214792,35.93202,104.20819164238392,35.926270038082826,104.205514,35.926481,0.0,0.0,17726.1,1.0,1,612042023200080,"{""1"":177261,""3"":0,""37"":0,""48"":80,""49"":34,""224"":""AC8="",""225"":177261,""226"":0,""227"":281474976710656,""228"":0,""229"":0,""230"":0,""231"":0}",0.0,1879364340897329154,25.865244471424266,0.0,0.0
1764211542000,2025-11-27 10:45:42.000,104.21491,35.931756,104.20830945692995,35.9260078009324,104.205622,35.926233,0.0,339.0,17735.8,1.0,1,612042023200066,"{""1"":177358,""3"":0,""37"":16,""48"":80,""49"":34,""224"":""AC8="",""225"":177358,""226"":0,""227"":282574488338432,""228"":0,""229"":1920,""230"":0,""231"":0}",0.0,1879347316192227330,31.029180144247984,0.0,0.0
1764211542000,2025-11-27 10:45:42.000,104.214677,35.932233,104.20807682116092,35.92648225870004,104.205417,35.926692,1.0,0.0,20212.8,1.0,1,612042023200098,"{""1"":202128,""3"":0,""37"":0,""48"":80,""49"":18,""224"":""AC8="",""225"":202128,""226"":0,""227"":281474976710656,""228"":0,""229"":40,""230"":0,""231"":0}",0.111,1879353494011949057,0.0,0.0,0.0
1764211542000,2025-11-27 10:45:42.000,104.21499,35.931606,104.20838833445588,35.92585864891449,104.205729,35.926076,0.0,0.0,14783.7,1.0,1,612042023200085,"{""1"":147837,""3"":0,""37"":0,""48"":80,""49"":29,""224"":""AC8="",""225"":147837,""226"":0,""227"":281474976710656,""228"":0,""229"":0,""230"":0,""231"":0}",0.0,1879358279721201665,18.04173318299407,0.0,0.0
1764211542000,2025-11-27 10:45:42.000,104.214792,35.93202,104.20819164238392,35.926270038082826,104.205514,35.926481,0.0,0.0,17726.1,1.0,1,612042023200080,"{""1"":177261,""3"":0,""37"":0,""48"":80,""49"":34,""224"":""AC8="",""225"":177261,""226"":0,""227"":281474976710656,""228"":0,""229"":0,""230"":0,""231"":0}",0.0,1879364340897329154,25.76333390326966,0.0,0.0
1764211543000,2025-11-27 10:45:43.000,104.21491,35.931756,104.20830945692995,35.9260078009324,104.205622,35.926233,0.0,339.0,17735.8,1.0,1,612042023200066,"{""1"":177358,""3"":0,""37"":16,""48"":80,""49"":34,""224"":""AC8="",""225"":177358,""226"":0,""227"":282574488338432,""228"":0,""229"":1920,""230"":0,""231"":0}",0.0,1879347316192227330,31.029180144247984,0.0,0.0
1764211543000,2025-11-27 10:45:43.000,104.214676,35.932235,104.20807582272585,35.92648426065872,104.205416,35.926694,1.0,0.0,20212.8,1.0,1,612042023200098,"{""1"":202128,""3"":0,""37"":0,""48"":80,""49"":18,""224"":""AC8="",""225"":202128,""226"":0,""227"":281474976710656,""228"":0,""229"":40,""230"":0,""231"":0}",0.24,1879353494011949057,0.0,0.0,0.0
1764211543000,2025-11-27 10:45:43.000,104.21499,35.931606,104.20838833445588,35.92585864891449,104.205729,35.926076,0.0,0.0,14783.7,1.0,1,612042023200085,"{""1"":147837,""3"":0,""37"":0,""48"":80,""49"":28,""224"":""AC8="",""225"":147837,""226"":0,""227"":281474976710656,""228"":0,""229"":0,""230"":0,""231"":0}",0.0,1879358279721201665,18.04173318299407,0.0,0.0
1764211543000,2025-11-27 10:45:43.000,104.214792,35.93202,104.20819164238392,35.926270038082826,104.205514,35.926481,0.0,0.0,17726.1,1.0,1,612042023200080,"{""1"":177261,""3"":0,""37"":0,""48"":80,""49"":34,""224"":""AC8="",""225"":177261,""226"":0,""227"":281474976710656,""228"":0,""229"":0,""230"":0,""231"":0}",0.0,1879364340897329154,26.0033090410908,0.0,0.0
1764211544000,2025-11-27 10:45:44.000,104.21491,35.931756,104.20830945692995,35.9260078009324,104.205622,35.926233,0.0,339.0,17735.8,1.0,1,612042023200066,"{""1"":177358,""3"":0,""37"":16,""48"":80,""49"":34,""224"":""AC8="",""225"":177358,""226"":0,""227"":282574488338432,""228"":0,""229"":1920,""230"":0,""231"":0}",0.0,1879347316192227330,31.029180144247984,0.0,0.0
1764211544000,2025-11-27 10:45:44.000,104.214676,35.932235,104.20807582272585,35.92648426065872,104.205416,35.926694,1.0,0.0,20212.8,1.0,1,612042023200098,"{""1"":202128,""3"":0,""37"":0,""48"":80,""49"":19,""224"":""AC8="",""225"":202128,""226"":0,""227"":281474976710656,""228"":0,""229"":40,""230"":0,""231"":0}",0.0,1879353494011949057,0.0,0.0,0.0
1764211544000,2025-11-27 10:45:44.000,104.21499,35.931606,104.20838833445588,35.92585864891449,104.205729,35.926076,0.0,0.0,14783.7,1.0,1,612042023200085,"{""1"":147837,""3"":0,""37"":0,""48"":80,""49"":28,""224"":""AC8="",""225"":147837,""226"":0,""227"":281474976710656,""228"":0,""229"":0,""230"":0,""231"":0}",0.0,1879358279721201665,18.04173318299407,0.0,0.0
1764211544000,2025-11-27 10:45:44.000,104.214792,35.93202,104.20819164238392,35.926270038082826,104.205514,35.926481,0.0,0.0,17726.1,1.0,1,612042023200080,"{""1"":177261,""3"":0,""37"":0,""48"":80,""49"":34,""224"":""AC8="",""225"":177261,""226"":0,""227"":281474976710656,""228"":0,""229"":0,""230"":0,""231"":0}",0.0,1879364340897329154,26.0033090410908,0.0,0.0
1764211545000,2025-11-27 10:45:45.000,104.21491,35.931756,104.20830945692995,35.9260078009324,104.205623,35.926233,0.0,339.0,17735.8,1.0,1,612042023200066,"{""1"":177358,""3"":0,""37"":16,""48"":80,""49"":34,""224"":""AC8="",""225"":177358,""226"":0,""227"":282574488338432,""228"":0,""229"":1920,""230"":0,""231"":0}",0.0,1879347316192227330,31.029180144247984,0.0,0.0
1764211545000,2025-11-27 10:45:45.000,104.214677,35.932234,104.20807682121568,35.92648325894907,104.205417,35.926693,1.0,0.0,20212.8,1.0,1,612042023200098,"{""1"":202128,""3"":0,""37"":0,""48"":80,""49"":19,""224"":""AC8="",""225"":202128,""226"":0,""227"":281474976710656,""228"":0,""229"":40,""230"":0,""231"":0}",0.143,1879353494011949057,0.0,0.0,0.0
1764211545000,2025-11-27 10:45:45.000,104.21499,35.931606,104.20838833445588,35.92585864891449,104.205729,35.926076,0.0,0.0,14783.7,1.0,1,612042023200085,"{""1"":147837,""3"":0,""37"":0,""48"":80,""49"":28,""224"":""AC8="",""225"":147837,""226"":0,""227"":281474976710656,""228"":0,""229"":0,""230"":0,""231"":0}",0.0,1879358279721201665,18.04173318299407,0.0,0.0
1764211545000,2025-11-27 10:45:45.000,104.214792,35.93202,104.20819164238392,35.926270038082826,104.205514,35.926481,0.0,0.0,17726.1,1.0,1,612042023200080,"{""1"":177261,""3"":0,""37"":0,""48"":80,""49"":34,""224"":""AC8="",""225"":177261,""226"":0,""227"":281474976710656,""228"":0,""229"":0,""230"":0,""231"":0}",0.0,1879364340897329154,25.865244471424266,0.0,0.0
1764211546000,2025-11-27 10:45:46.000,104.21491,35.931756,104.20830945692995,35.9260078009324,104.205623,35.926233,0.0,339.0,17735.8,1.0,1,612042023200066,"{""1"":177358,""3"":0,""37"":16,""48"":80,""49"":34,""224"":""AC8="",""225"":177358,""226"":0,""227"":282574488338432,""228"":0,""229"":1920,""230"":0,""231"":0}",0.0,1879347316192227330,31.029180144247984,0.0,0.0
1764211546000,2025-11-27 10:45:46.000,104.214678,35.932234,104.20807781976032,35.92648325748847,104.205418,35.926693,1.0,0.0,20212.8,1.0,1,612042023200098,"{""1"":202128,""3"":0,""37"":0,""48"":80,""49"":19,""224"":""AC8="",""225"":202128,""226"":0,""227"":281474976710656,""228"":0,""229"":40,""230"":0,""231"":0}",0.09,1879353494011949057,0.0,0.0,0.0
1764211546000,2025-11-27 10:45:46.000,104.21499,35.931606,104.20838833445588,35.92585864891449,104.205729,35.926076,0.0,0.0,14783.7,1.0,1,612042023200085,"{""1"":147837,""3"":0,""37"":0,""48"":80,""49"":28,""224"":""AC8="",""225"":147837,""226"":0,""227"":281474976710656,""228"":0,""229"":0,""230"":0,""231"":0}",0.0,1879358279721201665,18.04173318299407,0.0,0.0
1764211546000,2025-11-27 10:45:46.000,104.214792,35.93202,104.20819164238392,35.926270038082826,104.205514,35.926481,0.0,0.0,17726.1,1.0,1,612042023200080,"{""1"":177261,""3"":0,""37"":0,""48"":80,""49"":34,""224"":""AC8="",""225"":177261,""226"":0,""227"":281474976710656,""228"":0,""229"":0,""230"":0,""231"":0}",0.0,1879364340897329154,25.82928772169871,0.0,0.0
1764211547000,2025-11-27 10:45:47.000,104.21491,35.931756,104.20830945692995,35.9260078009324,104.205623,35.926233,0.0,339.0,17735.8,1.0,1,612042023200066,"{""1"":177358,""3"":0,""37"":16,""48"":80,""49"":34,""224"":""AC8="",""225"":177358,""226"":0,""227"":282574488338432,""228"":0,""229"":1920,""230"":0,""231"":0}",0.0,1879347316192227330,31.029180144247984,0.0,0.0
1764211547000,2025-11-27 10:45:47.000,104.214678,35.932233,104.20807781970557,35.92648225723944,104.205418,35.926692,1.0,0.0,20212.8,1.0,1,612042023200098,"{""1"":202128,""3"":0,""37"":16,""48"":80,""49"":18,""224"":""AC8="",""225"":202128,""226"":0,""227"":282574488338432,""228"":0,""229"":1839,""230"":0,""231"":0}",0.111,1879353494011949057,0.0,0.0,0.0
1764211547000,2025-11-27 10:45:47.000,104.21499,35.931606,104.20838833445588,35.92585864891449,104.205729,35.926076,0.0,0.0,14783.7,1.0,1,612042023200085,"{""1"":147837,""3"":0,""37"":0,""48"":80,""49"":28,""224"":""AC8="",""225"":147837,""226"":0,""227"":281474976710656,""228"":0,""229"":0,""230"":0,""231"":0}",0.0,1879358279721201665,18.04173318299407,0.0,0.0
1764211547000,2025-11-27 10:45:47.000,104.214792,35.93202,104.20819164238392,35.926270038082826,104.205514,35.926481,0.0,0.0,17726.1,1.0,1,612042023200080,"{""1"":177261,""3"":0,""37"":0,""48"":80,""49"":34,""224"":""AC8="",""225"":177261,""226"":0,""227"":281474976710656,""228"":0,""229"":0,""230"":0,""231"":0}",0.0,1879364340897329154,25.727235406204567,0.0,0.0
1764211548000,2025-11-27 10:45:48.000,104.21491,35.931756,104.20830945692995,35.9260078009324,104.205624,35.926233,0.0,339.0,17735.8,1.0,1,612042023200066,"{""1"":177358,""3"":0,""37"":16,""48"":80,""49"":34,""224"":""AC8="",""225"":177358,""226"":0,""227"":282574488338432,""228"":0,""229"":1920,""230"":0,""231"":0}",0.0,1879347316192227330,31.029180144247984,0.0,0.0
1764211548000,2025-11-27 10:45:48.000,104.214678,35.932233,104.20807781970557,35.92648225723944,104.205418,35.926693,0.0,0.0,20212.8,1.0,1,612042023200098,"{""1"":202128,""3"":0,""37"":16,""48"":80,""49"":17,""224"":""AC8="",""225"":202128,""226"":0,""227"":282574488338432,""228"":0,""229"":1800,""230"":0,""231"":0}",0.0,1879353494011949057,0.0,0.0,0.0
1764211548000,2025-11-27 10:45:48.000,104.21499,35.931606,104.20838833445588,35.92585864891449,104.205728,35.926076,0.0,0.0,14783.7,1.0,1,612042023200085,"{""1"":147837,""3"":0,""37"":0,""48"":80,""49"":28,""224"":""AC8="",""225"":147837,""226"":0,""227"":281474976710656,""228"":0,""229"":0,""230"":0,""231"":0}",0.0,1879358279721201665,18.04173318299407,0.0,0.0
1764211548000,2025-11-27 10:45:48.000,104.214792,35.93202,104.20819164238392,35.926270038082826,104.205514,35.926481,0.0,0.0,17726.1,1.0,1,612042023200080,"{""1"":177261,""3"":0,""37"":0,""48"":80,""49"":34,""224"":""AC8="",""225"":177261,""226"":0,""227"":281474976710656,""228"":0,""229"":0,""230"":0,""231"":0}",0.0,1879364340897329154,25.727235406204567,0.0,0.0
1764211549000,2025-11-27 10:45:49.000,104.21491,35.931756,104.20830945692995,35.9260078009324,104.205624,35.926233,0.0,339.0,17735.8,1.0,1,612042023200066,"{""1"":177358,""3"":0,""37"":16,""48"":80,""49"":34,""224"":""AC8="",""225"":177358,""226"":0,""227"":282574488338432,""228"":0,""229"":1920,""230"":0,""231"":0}",0.0,1879347316192227330,31.029180144247984,0.0,0.0
1764211549000,2025-11-27 10:45:49.000,104.214677,35.932234,104.20807682121568,35.92648325894907,104.205417,35.926693,1.0,0.0,20212.8,1.0,1,612042023200098,"{""1"":202128,""3"":0,""37"":0,""48"":80,""49"":18,""224"":""AC8="",""225"":202128,""226"":0,""227"":281474976710656,""228"":0,""229"":0,""230"":0,""231"":0}",0.143,1879353494011949057,0.0,0.0,0.0
1764211549000,2025-11-27 10:45:49.000,104.21499,35.931606,104.20838833445588,35.92585864891449,104.205728,35.926076,0.0,0.0,14783.7,1.0,1,612042023200085,"{""1"":147837,""3"":0,""37"":0,""48"":80,""49"":28,""224"":""AC8="",""225"":147837,""226"":0,""227"":281474976710656,""228"":0,""229"":0,""230"":0,""231"":0}",0.0,1879358279721201665,18.04173318299407,0.0,0.0
1764211549000,2025-11-27 10:45:49.000,104.214792,35.93202,104.20819164238392,35.926270038082826,104.205514,35.926481,0.0,0.0,17726.1,1.0,1,612042023200080,"{""1"":177261,""3"":0,""37"":0,""48"":80,""49"":34,""224"":""AC8="",""225"":177261,""226"":0,""227"":281474976710656,""228"":0,""229"":0,""230"":0,""231"":0}",0.0,1879364340897329154,25.865244471424266,0.0,0.0
1764211550000,2025-11-27 10:45:50.000,104.21491,35.931756,104.20830945692995,35.9260078009324,104.205624,35.926233,0.0,339.0,17735.8,1.0,1,612042023200066,"{""1"":177358,""3"":0,""37"":16,""48"":80,""49"":34,""224"":""AC8="",""225"":177358,""226"":0,""227"":282574488338432,""228"":0,""229"":1920,""230"":0,""231"":0}",0.0,1879347316192227330,31.029180144247984,0.0,0.0
1764211550000,2025-11-27 10:45:50.000,104.214676,35.932234,104.20807582267108,35.9264832604097,104.205416,35.926693,1.0,0.0,20212.8,1.0,1,612042023200098,"{""1"":202128,""3"":0,""37"":0,""48"":80,""49"":18,""224"":""AC8="",""225"":202128,""226"":0,""227"":281474976710656,""228"":0,""229"":0,""230"":0,""231"":0}",0.09,1879353494011949057,0.0,0.0,0.0
1764211550000,2025-11-27 10:45:50.000,104.21499,35.931606,104.20838833445588,35.92585864891449,104.205728,35.926076,0.0,0.0,14783.7,1.0,1,612042023200085,"{""1"":147837,""3"":0,""37"":0,""48"":80,""49"":28,""224"":""AC8="",""225"":147837,""226"":0,""227"":281474976710656,""228"":0,""229"":0,""230"":0,""231"":0}",0.0,1879358279721201665,18.04173318299407,0.0,0.0
1764211550000,2025-11-27 10:45:50.000,104.214792,35.93202,104.20819164238392,35.926270038082826,104.205514,35.926481,0.0,0.0,17726.1,1.0,1,612042023200080,"{""1"":177261,""3"":0,""37"":0,""48"":80,""49"":34,""224"":""AC8="",""225"":177261,""226"":0,""227"":281474976710656,""228"":0,""229"":0,""230"":0,""231"":0}",0.0,1879364340897329154,25.901463418304903,0.0,0.0
1764211551000,2025-11-27 10:45:51.000,104.21491,35.931756,104.20830945692995,35.9260078009324,104.205625,35.926233,0.0,339.0,17735.8,1.0,1,612042023200066,"{""1"":177358,""3"":0,""37"":16,""48"":80,""49"":34,""224"":""AC8="",""225"":177358,""226"":0,""227"":282574488338432,""228"":0,""229"":1920,""230"":0,""231"":0}",0.0,1879347316192227330,31.029180144247984,0.0,0.0
1764211551000,2025-11-27 10:45:51.000,104.214676,35.932235,104.20807582272585,35.92648426065872,104.205416,35.926694,2.0,340.0,20212.8,1.0,1,612042023200098,"{""1"":202128,""3"":16,""37"":0,""48"":80,""49"":17,""224"":""AC8="",""225"":202128,""226"":16,""227"":281474976710656,""228"":0,""229"":0,""230"":0,""231"":0}",0.111,1879353494011949057,0.0,0.0,0.0
1764211551000,2025-11-27 10:45:51.000,104.21499,35.931606,104.20838833445588,35.92585864891449,104.205728,35.926076,0.0,0.0,14783.7,1.0,1,612042023200085,"{""1"":147837,""3"":0,""37"":0,""48"":80,""49"":28,""224"":""AC8="",""225"":147837,""226"":0,""227"":281474976710656,""228"":0,""229"":0,""230"":0,""231"":0}",0.0,1879358279721201665,18.04173318299407,0.0,0.0
1764211551000,2025-11-27 10:45:51.000,104.214792,35.93202,104.20819164238392,35.926270038082826,104.205514,35.926481,0.0,0.0,17726.1,1.0,1,612042023200080,"{""1"":177261,""3"":0,""37"":0,""48"":80,""49"":34,""224"":""AC8="",""225"":177261,""226"":0,""227"":281474976710656,""228"":0,""229"":0,""230"":0,""231"":0}",0.0,1879364340897329154,26.0033090410908,0.0,0.0
1764211552000,2025-11-27 10:45:52.000,104.21491,35.931756,104.20830945692995,35.9260078009324,104.205625,35.926233,0.0,339.0,17735.8,1.0,1,612042023200066,"{""1"":177358,""3"":0,""37"":16,""48"":80,""49"":34,""224"":""AC8="",""225"":177358,""226"":0,""227"":282574488338432,""228"":0,""229"":1920,""230"":0,""231"":0}",0.0,1879347316192227330,31.029180144247984,0.0,0.0
1764211552000,2025-11-27 10:45:52.000,104.214673,35.932239,104.20807282731128,35.92648826603684,104.205413,35.926698,4.0,320.0,20212.8,1.0,1,612042023200098,"{""1"":202128,""3"":46,""37"":0,""48"":80,""49"":18,""224"":""AC8="",""225"":202128,""226"":46,""227"":281474976710656,""228"":0,""229"":0,""230"":0,""231"":0}",0.521,1879353494011949057,0.0,0.0,0.0
1764211552000,2025-11-27 10:45:52.000,104.21499,35.931606,104.20838833445588,35.92585864891449,104.205728,35.926076,0.0,0.0,14783.7,1.0,1,612042023200085,"{""1"":147837,""3"":0,""37"":0,""48"":80,""49"":28,""224"":""AC8="",""225"":147837,""226"":0,""227"":281474976710656,""228"":0,""229"":0,""230"":0,""231"":0}",0.0,1879358279721201665,18.04173318299407,0.0,0.0
1764211552000,2025-11-27 10:45:52.000,104.214792,35.93202,104.20819164238392,35.926270038082826,104.205514,35.926481,0.0,0.0,17726.1,1.0,1,612042023200080,"{""1"":177261,""3"":0,""37"":0,""48"":80,""49"":34,""224"":""AC8="",""225"":177261,""226"":0,""227"":281474976710656,""228"":0,""229"":0,""230"":0,""231"":0}",0.0,1879364340897329154,26.519557515527776,0.0,0.0
1764211553000,2025-11-27 10:45:53.000,104.21491,35.931756,104.20830945692995,35.9260078009324,104.205625,35.926233,0.0,339.0,17735.8,1.0,1,612042023200066,"{""1"":177358,""3"":0,""37"":16,""48"":80,""49"":34,""224"":""AC8="",""225"":177358,""226"":0,""227"":282574488338432,""228"":0,""229"":1920,""230"":0,""231"":0}",0.0,1879347316192227330,31.029180144247984,0.0,0.0
1764211553000,2025-11-27 10:45:53.000,104.214665,35.932248,104.2080648394492,35.926497279964465,104.205405,35.926707,6.0,314.0,20212.8,1.0,1,612042023200098,"{""1"":202128,""3"":62,""37"":0,""48"":80,""49"":17,""224"":""AC8="",""225"":202128,""226"":62,""227"":281474976710656,""228"":0,""229"":0,""230"":0,""231"":0}",1.234,1879353494011949057,0.0,0.0,0.0
1764211553000,2025-11-27 10:45:53.000,104.21499,35.931606,104.20838833445588,35.92585864891449,104.205728,35.926076,0.0,0.0,14783.7,1.0,1,612042023200085,"{""1"":147837,""3"":0,""37"":0,""48"":80,""49"":28,""224"":""AC8="",""225"":147837,""226"":0,""227"":281474976710656,""228"":0,""229"":0,""230"":0,""231"":0}",0.0,1879358279721201665,18.04173318299407,0.0,0.0
1764211553000,2025-11-27 10:45:53.000,104.214792,35.93202,104.20819164238392,35.926270038082826,104.205514,35.926481,0.0,0.0,17726.1,1.0,1,612042023200080,"{""1"":177261,""3"":0,""37"":16,""48"":80,""49"":34,""224"":""AC8="",""225"":177261,""226"":0,""227"":282574488338432,""228"":0,""229"":1960,""230"":0,""231"":0}",0.0,1879364340897329154,27.727998263590074,0.0,0.0
1764211554000,2025-11-27 10:45:54.000,104.21491,35.931756,104.20830945692995,35.9260078009324,104.205625,35.926233,0.0,339.0,17735.8,1.0,1,612042023200066,"{""1"":177358,""3"":0,""37"":16,""48"":80,""49"":34,""224"":""AC8="",""225"":177358,""226"":0,""227"":282574488338432,""228"":0,""229"":1920,""230"":0,""231"":0}",0.0,1879347316192227330,31.029180144247984,0.0,0.0
1764211554000,2025-11-27 10:45:54.000,104.214653,35.932259,104.20805285752282,35.92650830023617,104.205393,35.926718,8.0,326.0,20212.8,1.0,1,612042023200098,"{""1"":202128,""3"":66,""37"":0,""48"":80,""49"":18,""224"":""AC8="",""225"":202128,""226"":66,""227"":281474976710656,""228"":0,""229"":0,""230"":0,""231"":0}",1.633,1879353494011949057,0.0,0.0,0.0
1764211554000,2025-11-27 10:45:54.000,104.21499,35.931606,104.20838833445588,35.92585864891449,104.205728,35.926076,0.0,0.0,14783.7,1.0,1,612042023200085,"{""1"":147837,""3"":0,""37"":0,""48"":80,""49"":27,""224"":""AC8="",""225"":147837,""226"":0,""227"":281474976710656,""228"":0,""229"":0,""230"":0,""231"":0}",0.0,1879358279721201665,18.04173318299407,0.0,0.0
1764211554000,2025-11-27 10:45:54.000,104.214792,35.93202,104.20819164238392,35.926270038082826,104.205514,35.926481,0.0,0.0,17726.1,1.0,1,612042023200080,"{""1"":177261,""3"":0,""37"":16,""48"":80,""49"":34,""224"":""AC8="",""225"":177261,""226"":0,""227"":282574488338432,""228"":0,""229"":1920,""230"":0,""231"":0}",0.0,1879364340897329154,29.29285142640311,0.0,0.0
1764211555000,2025-11-27 10:45:55.000,104.21491,35.931756,104.20830945692995,35.9260078009324,104.205625,35.926233,0.0,339.0,17735.8,1.0,1,612042023200066,"{""1"":177358,""3"":0,""37"":16,""48"":80,""49"":34,""224"":""AC8="",""225"":177358,""226"":0,""227"":282574488338432,""228"":0,""229"":2000,""230"":0,""231"":0}",0.0,1879347316192227330,31.029180144247984,0.0,0.0
1764211555000,2025-11-27 10:45:55.000,104.21464,35.932273,104.20804087576516,35.92652232125828,104.205381,35.926732,7.0,331.0,20212.8,1.0,1,612042023200098,"{""1"":202128,""3"":74,""37"":0,""48"":80,""49"":18,""224"":""AC8="",""225"":202128,""226"":74,""227"":281474976710656,""228"":0,""229"":0,""230"":0,""231"":0}",1.896,1879353494011949057,0.0,0.0,0.0
1764211555000,2025-11-27 10:45:55.000,104.21499,35.931606,104.20838833445588,35.92585864891449,104.205728,35.926076,0.0,0.0,14783.7,1.0,1,612042023200085,"{""1"":147837,""3"":0,""37"":0,""48"":80,""49"":28,""224"":""AC8="",""225"":147837,""226"":0,""227"":281474976710656,""228"":0,""229"":0,""230"":0,""231"":0}",0.0,1879358279721201665,18.04173318299407,0.0,0.0
1764211555000,2025-11-27 10:45:55.000,104.214792,35.93202,104.20819164238392,35.926270038082826,104.205514,35.926481,0.0,0.0,17726.1,1.0,1,612042023200080,"{""1"":177261,""3"":0,""37"":0,""48"":80,""49"":34,""224"":""AC8="",""225"":177261,""226"":0,""227"":281474976710656,""228"":0,""229"":0,""230"":0,""231"":0}",0.0,1879364340897329154,31.16472918170121,0.0,0.0
1764211556000,2025-11-27 10:45:56.000,104.21491,35.931756,104.20830945692995,35.9260078009324,104.205625,35.926233,0.0,339.0,17735.8,1.0,1,612042023200066,"{""1"":177358,""3"":0,""37"":16,""48"":80,""49"":34,""224"":""AC8="",""225"":177358,""226"":0,""227"":282574488338432,""228"":0,""229"":360,""230"":0,""231"":0}",0.0,1879347316192227330,31.029180144247984,0.0,0.0
1764211556000,2025-11-27 10:45:56.000,104.21463,35.932288,104.20803089115302,35.92653733960926,104.205371,35.926747,7.0,330.0,20212.8,1.0,1,612042023200098,"{""1"":202128,""3"":79,""37"":0,""48"":80,""49"":19,""224"":""AC8="",""225"":202128,""226"":79,""227"":281474976710656,""228"":0,""229"":0,""230"":0,""231"":0}",1.897,1879353494011949057,0.0,0.0,0.0
1764211556000,2025-11-27 10:45:56.000,104.21499,35.931606,104.20838833445588,35.92585864891449,104.205728,35.926076,0.0,0.0,14783.7,1.0,1,612042023200085,"{""1"":147837,""3"":0,""37"":0,""48"":80,""49"":28,""224"":""AC8="",""225"":147837,""226"":0,""227"":281474976710656,""228"":0,""229"":0,""230"":0,""231"":0}",0.0,1879358279721201665,18.04173318299407,0.0,0.0
1764211556000,2025-11-27 10:45:56.000,104.214792,35.93202,104.20819164238392,35.926270038082826,104.205514,35.926481,0.0,0.0,17726.1,1.0,1,612042023200080,"{""1"":177261,""3"":2,""37"":0,""48"":80,""49"":34,""224"":""AC8="",""225"":177261,""226"":2,""227"":281474976710656,""228"":0,""229"":0,""230"":0,""231"":0}",0.0,1879364340897329154,33.05965378379537,0.0,0.0
1764211557000,2025-11-27 10:45:57.000,104.21491,35.931756,104.20830945692995,35.9260078009324,104.205625,35.926233,0.0,339.0,17735.8,1.0,1,612042023200066,"{""1"":177358,""3"":0,""37"":16,""48"":80,""49"":34,""224"":""AC8="",""225"":177358,""226"":0,""227"":282574488338432,""228"":0,""229"":2400,""230"":0,""231"":0}",0.0,1879347316192227330,32.16981679653199,0.0,0.0
1764211557000,2025-11-27 10:45:57.000,104.21462,35.932307,104.20802090676302,35.926556358958486,104.205361,35.926766,9.0,334.0,20212.9,1.0,1,612042023200098,"{""1"":202129,""3"":112,""37"":0,""48"":80,""49"":19,""224"":""AC8="",""225"":202129,""226"":112,""227"":281474976710656,""228"":0,""229"":0,""230"":0,""231"":0}",2.298,1879353494011949057,0.0,0.0,0.0
1764211557000,2025-11-27 10:45:57.000,104.21499,35.931606,104.20838833445588,35.92585864891449,104.205728,35.926076,0.0,0.0,14783.7,1.0,1,612042023200085,"{""1"":147837,""3"":0,""37"":0,""48"":80,""49"":28,""224"":""AC8="",""225"":147837,""226"":0,""227"":281474976710656,""228"":0,""229"":0,""230"":0,""231"":0}",0.0,1879358279721201665,18.04173318299407,0.0,0.0
1764211557000,2025-11-27 10:45:57.000,104.214773,35.932025,104.20817267024854,35.92627506703211,104.205513,35.926485,4.0,338.0,17726.1,1.0,1,612042023200080,"{""1"":177261,""3"":31,""37"":0,""48"":80,""49"":34,""224"":""AC8="",""225"":177261,""226"":31,""227"":281474976710656,""228"":0,""229"":0,""230"":0,""231"":0}",1.797,1879364340897329154,34.133040952065464,30.719736856858916,0.0
1764211558000,2025-11-27 10:45:58.000,104.21491,35.931756,104.20830945692995,35.9260078009324,104.205625,35.926233,0.0,339.0,17735.8,1.0,1,612042023200066,"{""1"":177358,""3"":0,""37"":16,""48"":80,""49"":34,""224"":""AC8="",""225"":177358,""226"":0,""227"":282574488338432,""228"":0,""229"":2560,""230"":0,""231"":0}",0.0,1879347316192227330,33.302172112616994,0.0,0.0
1764211558000,2025-11-27 10:45:58.000,104.214606,35.932331,104.208006928425,35.92657938515478,104.205347,35.926789,12.0,332.0,20212.9,1.0,1,612042023200098,"{""1"":202129,""3"":122,""37"":0,""48"":80,""49"":18,""224"":""AC8="",""225"":202129,""226"":122,""227"":281474976710656,""228"":0,""229"":0,""230"":0,""231"":0}",2.853,1879353494011949057,0.0,0.0,0.0
1764211558000,2025-11-27 10:45:58.000,104.21499,35.931606,104.20838833445588,35.92585864891449,104.205728,35.926076,0.0,0.0,14783.7,1.0,1,612042023200085,"{""1"":147837,""3"":0,""37"":0,""48"":80,""49"":28,""224"":""AC8="",""225"":147837,""226"":0,""227"":281474976710656,""228"":0,""229"":0,""230"":0,""231"":0}",0.0,1879358279721201665,18.04173318299407,0.0,0.0
1764211558000,2025-11-27 10:45:58.000,104.214767,35.932034,104.20816667945664,35.92628407802459,104.205507,35.926494,6.0,330.0,17726.1,1.0,1,612042023200080,"{""1"":177261,""3"":57,""37"":0,""48"":80,""49"":34,""224"":""AC8="",""225"":177261,""226"":57,""227"":281474976710656,""228"":0,""229"":0,""230"":0,""231"":0}",1.138,1879364340897329154,35.84907296979752,21.509443781878513,0.0
1764211559000,2025-11-27 10:45:59.000,104.21491,35.931756,104.20830945692995,35.9260078009324,104.205626,35.926234,0.0,339.0,17735.8,1.0,1,612042023200066,"{""1"":177358,""3"":0,""37"":0,""48"":80,""49"":34,""224"":""AC8="",""225"":177358,""226"":0,""227"":281474976710656,""228"":0,""229"":0,""230"":0,""231"":0}",0.0,1879347316192227330,34.63992482294143,0.0,0.0
1764211559000,2025-11-27 10:45:59.000,104.214592,35.932357,104.20799295025728,35.9266054121024,104.205333,35.926815,11.0,337.0,20212.9,1.0,1,612042023200098,"{""1"":202129,""3"":126,""37"":0,""48"":80,""49"":17,""224"":""AC8="",""225"":202129,""226"":126,""227"":281474976710656,""228"":0,""229"":0,""230"":0,""231"":0}",3.156,1879353494011949057,0.0,0.0,0.0
1764211559000,2025-11-27 10:45:59.000,104.21499,35.931606,104.20838833445588,35.92585864891449,104.205728,35.926076,0.0,0.0,14783.7,1.0,1,612042023200085,"{""1"":147837,""3"":0,""37"":16,""48"":80,""49"":28,""224"":""AC8="",""225"":147837,""226"":0,""227"":282574488338432,""228"":0,""229"":2880,""230"":0,""231"":0}",0.0,1879358279721201665,18.04173318299407,0.0,0.0
1764211559000,2025-11-27 10:45:59.000,104.214761,35.932045,104.20816068877537,35.926295089516124,104.205501,35.926505,6.0,333.0,17726.1,1.0,1,612042023200080,"{""1"":177261,""3"":64,""37"":0,""48"":80,""49"":34,""224"":""AC8="",""225"":177261,""226"":64,""227"":281474976710656,""228"":0,""229"":0,""230"":0,""231"":0}",1.338,1879364340897329154,37.66699743024124,22.600198458144746,0.0
1764211560000,2025-11-27 10:46:00.000,104.21491,35.931756,104.20830945692995,35.9260078009324,104.205626,35.926234,0.0,339.0,17735.8,1.0,1,612042023200066,"{""1"":177358,""3"":0,""37"":0,""48"":80,""49"":34,""224"":""AC8="",""225"":177358,""226"":0,""227"":281474976710656,""228"":0,""229"":0,""230"":0,""231"":0}",0.0,1879347316192227330,36.5280941642987,0.0,0.0
1764211560000,2025-11-27 10:46:00.000,104.214577,35.932386,104.20797797371826,35.92663444126418,104.205318,35.926844,14.0,336.0,20212.9,1.0,1,612042023200098,"{""1"":202129,""3"":131,""37"":0,""48"":80,""49"":17,""224"":""AC8="",""225"":202129,""226"":131,""227"":281474976710656,""228"":0,""229"":0,""230"":0,""231"":0}",3.498,1879353494011949057,0.0,0.0,0.0
1764211560000,2025-11-27 10:46:00.000,104.21499,35.931606,104.20838833445588,35.92585864891449,104.205728,35.926076,0.0,0.0,14783.7,1.0,1,612042023200085,"{""1"":147837,""3"":0,""37"":16,""48"":80,""49"":26,""224"":""AC8="",""225"":147837,""226"":0,""227"":282574488338432,""228"":0,""229"":2800,""230"":0,""231"":0}",0.0,1879358279721201665,18.04173318299407,0.0,0.0
1764211560000,2025-11-27 10:46:00.000,104.214751,35.93206,104.20815070412648,35.926310107840095,104.205491,35.92652,7.0,332.0,17726.1,1.0,1,612042023200080,"{""1"":177261,""3"":75,""37"":0,""48"":80,""49"":33,""224"":""AC8="",""225"":177261,""226"":75,""227"":281474976710656,""228"":0,""229"":0,""230"":0,""231"":0}",1.897,1879364340897329154,39.27500981693409,20.198576477280387,0.0
1764211561000,2025-11-27 10:46:01.000,104.21491,35.931756,104.20830945692995,35.9260078009324,104.205626,35.926234,0.0,339.0,17735.8,1.0,1,612042023200066,"{""1"":177358,""3"":0,""37"":0,""48"":80,""49"":34,""224"":""AC8="",""225"":177358,""226"":0,""227"":281474976710656,""228"":0,""229"":0,""230"":0,""231"":0}",0.0,1879347316192227330,38.86152444866066,0.0,0.0
1764211561000,2025-11-27 10:46:01.000,104.214563,35.932417,104.2079639958368,35.92666546946545,104.205304,35.926875,14.0,341.0,20212.9,1.0,1,612042023200098,"{""1"":202129,""3"":134,""37"":0,""48"":80,""49"":17,""224"":""AC8="",""225"":202129,""226"":134,""227"":281474976710656,""228"":0,""229"":0,""230"":0,""231"":0}",3.673,1879353494011949057,0.0,0.0,0.0
1764211561000,2025-11-27 10:46:01.000,104.21499,35.931606,104.20838833445588,35.92585864891449,104.205728,35.926076,0.0,0.0,14783.7,1.0,1,612042023200085,"{""1"":147837,""3"":0,""37"":16,""48"":80,""49"":28,""224"":""AC8="",""225"":147837,""226"":0,""227"":282574488338432,""228"":0,""229"":2160,""230"":0,""231"":0}",0.0,1879358279721201665,18.04173318299407,0.0,0.0
1764211561000,2025-11-27 10:46:01.000,104.21474,35.932079,104.20813972115316,35.926329128621866,104.20548,35.926539,10.0,331.0,17726.1,1.0,1,612042023200080,"{""1"":177261,""3"":100,""37"":0,""48"":80,""49"":35,""224"":""AC8="",""225"":177261,""226"":100,""227"":281474976710656,""228"":0,""229"":0,""230"":0,""231"":0}",2.335,1879364340897329154,40.60878357307128,14.61916208630566,0.0
1764211562000,2025-11-27 10:46:02.000,104.214884,35.931777,104.20828349568966,35.92602784375633,104.205624,35.926238,4.0,339.0,17735.8,1.0,1,612042023200066,"{""1"":177358,""3"":32,""37"":0,""48"":80,""49"":34,""224"":""AC8="",""225"":177358,""226"":32,""227"":281474976710656,""228"":0,""229"":0,""230"":0,""231"":0}",3.23,1879347316192227330,39.03170746373296,35.12853671735966,0.0
1764211562000,2025-11-27 10:46:02.000,104.214548,35.93245,104.20794901953016,35.9266984996324,104.205289,35.926908,15.0,339.0,20212.9,1.0,1,612042023200098,"{""1"":202129,""3"":160,""37"":0,""48"":80,""49"":17,""224"":""AC8="",""225"":202129,""226"":160,""227"":281474976710656,""228"":0,""229"":0,""230"":0,""231"":0}",3.913,1879353494011949057,0.0,0.0,0.0
1764211562000,2025-11-27 10:46:02.000,104.21499,35.931606,104.20838833445588,35.92585864891449,104.205727,35.926076,0.0,0.0,14783.7,1.0,1,612042023200085,"{""1"":147837,""3"":0,""37"":16,""48"":80,""49"":28,""224"":""AC8="",""225"":147837,""226"":0,""227"":282574488338432,""228"":0,""229"":1320,""230"":0,""231"":0}",0.0,1879358279721201665,21.049117992103646,0.0,0.0
1764211562000,2025-11-27 10:46:02.000,104.214724,35.932104,104.20812374578148,35.92635415819805,104.205464,35.926564,10.0,331.0,17726.1,1.0,1,612042023200080,"{""1"":177261,""3"":102,""37"":0,""48"":80,""49"":35,""224"":""AC8="",""225"":177261,""226"":102,""227"":281474976710656,""228"":0,""229"":0,""230"":0,""231"":0}",3.133,1879364340897329154,41.39527464175006,14.902298871030023,0.0
1764211563000,2025-11-27 10:46:03.000,104.214879,35.931786,104.20827850342808,35.92603685327816,104.205619,35.926247,7.0,337.0,17735.8,1.0,1,612042023200066,"{""1"":177358,""3"":59,""37"":0,""48"":80,""49"":34,""224"":""AC8="",""225"":177358,""226"":59,""227"":281474976710656,""228"":0,""229"":0,""230"":0,""231"":0}",1.098,1879347316192227330,40.57282343737472,20.86602348207843,0.0
1764211563000,2025-11-27 10:46:03.000,104.214533,35.932487,104.2079340434495,35.92673553079979,104.205274,35.926945,17.0,341.0,20212.9,1.0,1,612042023200098,"{""1"":202129,""3"":180,""37"":0,""48"":80,""49"":17,""224"":""AC8="",""225"":202129,""226"":180,""227"":281474976710656,""228"":0,""229"":0,""230"":0,""231"":0}",4.333,1879353494011949057,0.0,0.0,0.0
1764211563000,2025-11-27 10:46:03.000,104.21499,35.931606,104.20838833445588,35.92585864891449,104.205727,35.926076,0.0,0.0,14783.7,1.0,1,612042023200085,"{""1"":147837,""3"":0,""37"":0,""48"":80,""49"":28,""224"":""AC8="",""225"":147837,""226"":0,""227"":281474976710656,""228"":0,""229"":0,""230"":0,""231"":0}",0.0,1879358279721201665,22.146182308709328,0.0,0.0
1764211563000,2025-11-27 10:46:03.000,104.21471,35.932125,104.20810976728978,35.926375183864046,104.20545,35.926585,11.0,332.0,17726.1,1.0,1,612042023200080,"{""1"":177261,""3"":112,""37"":0,""48"":80,""49"":35,""224"":""AC8="",""225"":177261,""226"":112,""227"":281474976710656,""228"":0,""229"":0,""230"":0,""231"":0}",2.655,1879364340897329154,43.079679256568944,14.098804120331655,0.0
1764211564000,2025-11-27 10:46:04.000,104.214873,35.931798,104.20827251278092,35.926048865004184,104.205613,35.926259,7.0,334.0,17735.8,1.0,1,612042023200066,"{""1"":177358,""3"":64,""37"":0,""48"":80,""49"":33,""224"":""AC8="",""225"":177358,""226"":64,""227"":281474976710656,""228"":0,""229"":0,""230"":0,""231"":0}",1.44,1879347316192227330,42.870082562925866,22.047471032361873,0.0
1764211564000,2025-11-27 10:46:04.000,104.214514,35.932527,104.20791507332628,35.92677456832733,104.205255,35.926984,18.0,339.0,20212.9,1.0,1,612042023200098,"{""1"":202129,""3"":188,""37"":0,""48"":80,""49"":16,""224"":""AC8="",""225"":202129,""226"":188,""227"":281474976710656,""228"":0,""229"":0,""230"":0,""231"":0}",4.665,1879353494011949057,0.0,0.0,0.0
1764211564000,2025-11-27 10:46:04.000,104.21499,35.931606,104.20838833445588,35.92585864891449,104.205727,35.926077,0.0,0.0,14783.7,1.0,1,612042023200085,"{""1"":147837,""3"":3,""37"":0,""48"":80,""49"":28,""224"":""AC8="",""225"":147837,""226"":3,""227"":281474976710656,""228"":0,""229"":0,""230"":0,""231"":0}",0.0,1879358279721201665,23.582409994977816,0.0,0.0
1764211564000,2025-11-27 10:46:04.000,104.214691,35.932156,104.20809079657135,35.9264052190772,104.205431,35.926615,13.0,333.0,17726.1,1.0,1,612042023200080,"{""1"":177261,""3"":138,""37"":0,""48"":80,""49"":35,""224"":""AC8="",""225"":177261,""226"":138,""227"":281474976710656,""228"":0,""229"":0,""230"":0,""231"":0}",3.751,1879364340897329154,44.01224205692501,12.188005492686926,0.0
1764211565000,2025-11-27 10:46:05.000,104.214865,35.931813,104.20826452519832,35.92606388039087,104.205605,35.926274,6.0,335.0,17735.8,1.0,1,612042023200066,"{""1"":177358,""3"":71,""37"":0,""48"":80,""49"":34,""224"":""AC8="",""225"":177358,""226"":71,""227"":281474976710656,""228"":0,""229"":0,""230"":0,""231"":0}",1.818,1879347316192227330,45.09988152064371,27.05992891238623,0.0
1764211565000,2025-11-27 10:46:05.000,104.214495,35.932568,104.20789610332363,35.92681560636045,104.205236,35.927025,19.0,338.0,20212.9,1.0,1,612042023200098,"{""1"":202129,""3"":195,""37"":0,""48"":80,""49"":17,""224"":""AC8="",""225"":202129,""226"":195,""227"":281474976710656,""228"":0,""229"":0,""230"":0,""231"":0}",4.872,1879353494011949057,0.0,0.0,0.0
1764211565000,2025-11-27 10:46:05.000,104.214987,35.931615,104.2083853392863,35.92586765551801,104.205726,35.926078,3.0,339.0,14783.7,1.0,1,612042023200085,"{""1"":147837,""3"":30,""37"":0,""48"":80,""49"":28,""224"":""AC8="",""225"":147837,""226"":30,""227"":281474976710656,""228"":0,""229"":0,""230"":0,""231"":0}",1.037,1879358279721201665,24.380705448428188,29.256846538113827,0.0
1764211565000,2025-11-27 10:46:05.000,104.214672,35.932189,104.2080718260283,35.9264382550457,104.205412,35.926648,18.0,336.0,17726.1,1.0,1,612042023200080,"{""1"":177261,""3"":180,""37"":0,""48"":80,""49"":35,""224"":""AC8="",""225"":177261,""226"":180,""227"":281474976710656,""228"":0,""229"":0,""230"":0,""231"":0}",4.051,1879364340897329154,44.84366450560943,8.968732901121886,0.0
1764211566000,2025-11-27 10:46:06.000,104.214854,35.931834,104.20825354229602,35.926084901643364,104.205594,35.926295,11.0,336.0,17735.8,1.0,1,612042023200066,"{""1"":177358,""3"":109,""37"":0,""48"":80,""49"":34,""224"":""AC8="",""225"":177358,""226"":109,""227"":281474976710656,""228"":0,""229"":0,""230"":0,""231"":0}",2.538,1879347316192227330,48.32339959731222,15.814930777302182,0.0
1764211566000,2025-11-27 10:46:06.000,104.214475,35.932611,104.20787613490305,35.92685864636439,104.205216,35.927068,19.0,337.0,20212.9,1.0,1,612042023200098,"{""1"":202129,""3"":210,""37"":0,""48"":80,""49"":17,""224"":""AC8="",""225"":202129,""226"":210,""227"":281474976710656,""228"":0,""229"":0,""230"":0,""231"":0}",5.112,1879353494011949057,0.0,0.0,0.0
1764211566000,2025-11-27 10:46:06.000,104.214982,35.931627,104.20838034711852,35.92587866552695,104.205721,35.926089,7.0,337.0,14783.7,1.0,1,612042023200085,"{""1"":147837,""3"":64,""37"":0,""48"":80,""49"":28,""224"":""AC8="",""225"":147837,""226"":64,""227"":281474976710656,""228"":0,""229"":0,""230"":0,""231"":0}",1.304,1879358279721201665,25.61763837457459,13.174785449781218,0.0
1764211566000,2025-11-27 10:46:06.000,104.214648,35.932237,104.2080478635988,35.926486302063964,104.205388,35.926696,19.0,338.0,17726.1,1.0,1,612042023200080,"{""1"":177261,""3"":189,""37"":0,""48"":80,""49"":34,""224"":""AC8="",""225"":177261,""226"":189,""227"":281474976710656,""228"":0,""229"":0,""230"":0,""231"":0}",5.762,1879364340897329154,44.19604608959398,8.373987680133595,0.0
1764211567000,2025-11-27 10:46:07.000,104.214837,35.931861,104.20823656842832,35.92611193313406,104.205577,35.926322,12.0,335.0,17735.8,1.0,1,612042023200066,"{""1"":177358,""3"":119,""37"":0,""48"":80,""49"":34,""224"":""AC8="",""225"":177358,""226"":119,""227"":281474976710656,""228"":0,""229"":0,""230"":0,""231"":0}",3.372,1879347316192227330,49.62656198574604,14.887968595723812,0.0
1764211567000,2025-11-27 10:46:07.000,104.214452,35.932658,104.20785317110024,35.92690569176995,104.205193,35.927115,22.0,337.0,20212.9,1.0,1,612042023200098,"{""1"":202129,""3"":223,""37"":0,""48"":80,""49"":17,""224"":""AC8="",""225"":202129,""226"":223,""227"":281474976710656,""228"":0,""229"":0,""230"":0,""231"":0}",5.625,1879353494011949057,0.0,0.0,0.0
1764211567000,2025-11-27 10:46:07.000,104.214976,35.93164,104.20837435650728,35.92589167748853,104.205715,35.926102,7.0,336.0,14783.7,1.0,1,612042023200085,"{""1"":147837,""3"":72,""37"":0,""48"":80,""49"":29,""224"":""AC8="",""225"":147837,""226"":72,""227"":281474976710656,""228"":0,""229"":0,""230"":0,""231"":0}",1.544,1879358279721201665,27.454580526966364,14.119498556725558,0.0
1764211567000,2025-11-27 10:46:07.000,104.214628,35.932276,104.2080288934094,35.9265253395447,104.205369,35.926735,19.0,338.0,17726.1,1.0,1,612042023200080,"{""1"":177261,""3"":190,""37"":0,""48"":80,""49"":35,""224"":""AC8="",""225"":177261,""226"":190,""227"":281474976710656,""228"":0,""229"":0,""230"":0,""231"":0}",4.665,1879364340897329154,45.15602436802955,8.555878301310862,0.0
1764211568000,2025-11-27 10:46:08.000,104.21482,35.931889,104.20821959462428,35.92613996488053,104.20556,35.92635,12.0,333.0,17735.8,1.0,1,612042023200066,"{""1"":177358,""3"":134,""37"":0,""48"":80,""49"":34,""224"":""AC8="",""225"":177358,""226"":134,""227"":281474976710656,""228"":0,""229"":0,""230"":0,""231"":0}",3.472,1879347316192227330,52.20233356280399,15.6607000688412,0.0
1764211568000,2025-11-27 10:46:08.000,104.214429,35.93271,104.20783020753268,35.92695673818215,104.20517,35.927166,22.0,340.0,20212.9,1.0,1,612042023200098,"{""1"":202129,""3"":232,""37"":0,""48"":80,""49"":17,""224"":""AC8="",""225"":202129,""226"":232,""227"":281474976710656,""228"":0,""229"":0,""230"":0,""231"":0}",6.041,1879353494011949057,0.0,0.0,0.0
1764211568000,2025-11-27 10:46:08.000,104.214967,35.931658,104.20836636906388,35.92590969360472,104.205707,35.92612,8.0,339.0,14783.7,1.0,1,612042023200085,"{""1"":147837,""3"":75,""37"":0,""48"":80,""49"":29,""224"":""AC8="",""225"":147837,""226"":75,""227"":281474976710656,""228"":0,""229"":0,""230"":0,""231"":0}",2.128,1879358279721201665,28.81455260208097,12.966548670936435,0.0
1764211568000,2025-11-27 10:46:08.000,104.214605,35.932328,104.20800592971824,35.92657638587014,104.205346,35.926786,20.0,339.0,17726.1,1.0,1,612042023200080,"{""1"":177261,""3"":207,""37"":0,""48"":80,""49"":35,""224"":""AC8="",""225"":177261,""226"":207,""227"":281474976710656,""228"":0,""229"":0,""230"":0,""231"":0}",6.041,1879364340897329154,45.15602592459119,8.128084666426414,0.0
1764211569000,2025-11-27 10:46:09.000,104.214801,35.931922,104.20820062400604,35.9261730007947,104.205541,35.926383,16.0,335.0,17735.8,1.0,1,612042023200066,"{""1"":177358,""3"":164,""37"":0,""48"":80,""49"":33,""224"":""AC8="",""225"":177358,""226"":164,""227"":281474976710656,""228"":0,""229"":0,""230"":0,""231"":0}",4.051,1879347316192227330,53.717936750571766,12.086535768878647,0.0
1764211569000,2025-11-27 10:46:09.000,104.214405,35.932761,104.20780624544484,35.927007786072686,104.205146,35.927217,23.0,334.0,20212.9,1.0,1,612042023200098,"{""1"":202129,""3"":233,""37"":0,""48"":80,""49"":18,""224"":""AC8="",""225"":202129,""226"":233,""227"":281474976710656,""228"":0,""229"":0,""230"":0,""231"":0}",6.072,1879353494011949057,0.0,0.0,0.0
1764211569000,2025-11-27 10:46:09.000,104.214959,35.931675,104.20835838156763,35.92592670947298,104.205699,35.926137,9.0,338.0,14783.7,1.0,1,612042023200085,"{""1"":147837,""3"":94,""37"":0,""48"":80,""49"":29,""224"":""AC8="",""225"":147837,""226"":94,""227"":281474976710656,""228"":0,""229"":0,""230"":0,""231"":0}",2.024,1879358279721201665,30.85113170583456,12.340452682333824,0.0
1764211569000,2025-11-27 10:46:09.000,104.214584,35.932375,104.2079849629077,35.926623428285424,104.205325,35.926833,23.0,339.0,17726.1,1.0,1,612042023200080,"{""1"":177261,""3"":241,""37"":0,""48"":80,""49"":35,""224"":""AC8="",""225"":177261,""226"":241,""227"":281474976710656,""228"":0,""229"":0,""230"":0,""231"":0}",5.561,1879364340897329154,45.66777796003916,7.1480000285278695,0.0
1764211570000,2025-11-27 10:46:10.000,104.214775,35.931966,104.20817466411243,35.926216049415885,104.205515,35.926426,22.0,335.0,17735.8,1.0,1,612042023200066,"{""1"":177358,""3"":222,""37"":0,""48"":80,""49"":34,""224"":""AC8="",""225"":177358,""226"":222,""227"":281474976710656,""228"":0,""229"":0,""230"":0,""231"":0}",5.327,1879347316192227330,56.372640325543166,9.224613871452519,0.0
1764211570000,2025-11-27 10:46:10.000,104.214379,35.932812,104.20778028630332,35.92705883691094,104.20512,35.927268,23.0,337.0,20212.9,1.0,1,612042023200098,"{""1"":202129,""3"":243,""37"":0,""48"":80,""49"":17,""224"":""AC8="",""225"":202129,""226"":243,""227"":281474976710656,""228"":0,""229"":0,""230"":0,""231"":0}",6.139,1879353494011949057,0.0,0.0,0.0
1764211570000,2025-11-27 10:46:10.000,104.214945,35.931703,104.20834440335818,35.925954736809544,104.205685,35.926165,14.0,337.0,14783.7,1.0,1,612042023200085,"{""1"":147837,""3"":133,""37"":0,""48"":80,""49"":29,""224"":""AC8="",""225"":147837,""226"":133,""227"":281474976710656,""228"":0,""229"":0,""230"":0,""231"":0}",3.361,1879358279721201665,32.83112378686625,8.442288973765608,0.0
1764211570000,2025-11-27 10:46:10.000,104.214553,35.932442,104.20795401179592,35.92669049032299,104.205294,35.9269,27.0,338.0,17726.1,1.0,1,612042023200080,"{""1"":177261,""3"":267,""37"":0,""48"":80,""49"":34,""224"":""AC8="",""225"":177261,""226"":267,""227"":281474976710656,""228"":0,""229"":0,""230"":0,""231"":0}",7.961,1879364340897329154,43.843702929895905,5.845827057319454,0.0
1764211571000,2025-11-27 10:46:11.000,104.214744,35.93202,104.20814371210828,35.9262701080876,104.205484,35.92648,25.0,337.0,17735.8,1.0,1,612042023200066,"{""1"":177358,""3"":239,""37"":0,""48"":80,""49"":34,""224"":""AC8="",""225"":177358,""226"":239,""227"":281474976710656,""228"":0,""229"":0,""230"":0,""231"":0}",6.626,1879347316192227330,56.52825421394148,8.140068606807572,0.0
1764211571000,2025-11-27 10:46:11.000,104.214355,35.932865,104.20775632436154,35.9271118853248,104.205096,35.927321,24.0,338.0,20212.9,1.0,1,612042023200098,"{""1"":202129,""3"":251,""37"":0,""48"":80,""49"":17,""224"":""AC8="",""225"":202129,""226"":251,""227"":281474976710656,""228"":0,""229"":0,""230"":0,""231"":0}",6.281,1879353494011949057,0.0,0.0,0.0
1764211571000,2025-11-27 10:46:11.000,104.214929,35.931732,104.20832842810476,35.92598376730879,104.205669,35.926194,14.0,335.0,14783.7,1.0,1,612042023200085,"{""1"":147837,""3"":143,""37"":0,""48"":80,""49"":29,""224"":""AC8="",""225"":147837,""226"":143,""227"":281474976710656,""228"":0,""229"":0,""230"":0,""231"":0}",3.534,1879358279721201665,35.922104437751855,9.23711256970762,0.0
1764211571000,2025-11-27 10:46:11.000,104.214527,35.932499,104.20792805286578,35.92674754257115,104.205268,35.926957,27.0,339.0,17726.1,1.0,1,612042023200080,"{""1"":177261,""3"":274,""37"":0,""48"":80,""49"":34,""224"":""AC8="",""225"":177261,""226"":274,""227"":281474976710656,""228"":0,""229"":0,""230"":0,""231"":0}",6.761,1879364340897329154,43.363640127066716,5.781818683608895,0.0
1764211572000,2025-11-27 10:46:12.000,104.214715,35.932075,104.20811475727989,35.92632516411054,104.205455,35.926535,24.0,338.0,17735.8,1.0,1,612042023200066,"{""1"":177358,""3"":238,""37"":0,""48"":80,""49"":35,""224"":""AC8="",""225"":177358,""226"":238,""227"":281474976710656,""228"":0,""229"":0,""230"":0,""231"":0}",6.654,1879347316192227330,58.08439401723883,8.712659102585825,0.0
1764211572000,2025-11-27 10:46:12.000,104.214328,35.932922,104.20773036553346,35.92716793743468,104.20507,35.927377,26.0,339.0,20212.9,1.0,1,612042023200098,"{""1"":202129,""3"":259,""37"":0,""48"":80,""49"":17,""224"":""AC8="",""225"":202129,""226"":259,""227"":281474976710656,""228"":0,""229"":0,""230"":0,""231"":0}",6.657,1879353494011949057,0.0,0.0,0.0
1764211572000,2025-11-27 10:46:12.000,104.21491,35.931766,104.2083094574776,35.92601780342504,104.20565,35.926228,14.0,334.0,14783.7,1.0,1,612042023200085,"{""1"":147837,""3"":145,""37"":0,""48"":80,""49"":29,""224"":""AC8="",""225"":147837,""226"":145,""227"":281474976710656,""228"":0,""229"":0,""230"":0,""231"":0}",4.152,1879358279721201665,38.41108712699486,9.877136689798677,0.0
1764211572000,2025-11-27 10:46:12.000,104.214495,35.932569,104.2078961033784,35.92681660660931,104.205236,35.927026,27.0,338.0,17726.1,2.0,2,612042023200080,"{""1"":177261,""3"":271,""37"":0,""48"":80,""49"":33,""224"":""AC8="",""225"":177261,""226"":271,""227"":562949953421312,""228"":0,""229"":0,""230"":0,""231"":0}",8.201,1879364340897329154,41.81954406367698,5.575939208490264,0.0
1764211573000,2025-11-27 10:46:13.000,104.214686,35.932133,104.2080858025868,35.92638222065023,104.205426,35.926592,25.0,337.0,17735.8,1.0,1,612042023200066,"{""1"":177358,""3"":259,""37"":0,""48"":80,""49"":34,""224"":""AC8="",""225"":177358,""226"":259,""227"":281474976710656,""228"":0,""229"":0,""230"":0,""231"":0}",6.859,1879347316192227330,57.88827631402139,8.33591178921908,0.0
1764211573000,2025-11-27 10:46:13.000,104.2143,35.932981,104.20770240982378,35.927226993244034,104.205042,35.927436,27.0,337.0,20212.9,1.0,1,612042023200098,"{""1"":202129,""3"":266,""37"":0,""48"":80,""49"":17,""224"":""AC8="",""225"":202129,""226"":266,""227"":281474976710656,""228"":0,""229"":0,""230"":0,""231"":0}",7.033,1879353494011949057,0.0,0.0,0.0
1764211573000,2025-11-27 10:46:13.000,104.214893,35.931796,104.20829248374494,35.9260478356415,104.205633,35.926258,16.0,334.0,14783.7,1.0,1,612042023200085,"{""1"":147837,""3"":161,""37"":0,""48"":80,""49"":29,""224"":""AC8="",""225"":147837,""226"":161,""227"":281474976710656,""228"":0,""229"":0,""230"":0,""231"":0}",3.673,1879358279721201665,41.57922168381792,9.355324878859031,0.0
1764211573000,2025-11-27 10:46:13.000,104.214469,35.932625,104.2078701444395,35.92687265864096,104.20521,35.927082,27.0,339.0,17726.1,2.0,2,612042023200080,"{""1"":177261,""3"":270,""37"":0,""48"":80,""49"":34,""224"":""AC8="",""225"":177261,""226"":270,""227"":562949953421312,""228"":0,""229"":0,""230"":0,""231"":0}",6.657,1879364340897329154,42.195741942109116,5.626098925614548,0.0
1764211574000,2025-11-27 10:46:14.000,104.214653,35.932196,104.20805285407228,35.92644528454726,104.205393,35.926655,29.0,338.0,17735.8,1.0,1,612042023200066,"{""1"":177358,""3"":293,""37"":0,""48"":80,""49"":34,""224"":""AC8="",""225"":177358,""226"":293,""227"":281474976710656,""228"":0,""229"":0,""230"":0,""231"":0}",7.614,1879347316192227330,58.41246197293221,7.251202175950206,0.0
1764211574000,2025-11-27 10:46:14.000,104.214269,35.933042,104.20767145865052,35.927288053978195,104.205011,35.927497,27.0,335.0,20213.0,1.0,1,612042023200098,"{""1"":202130,""3"":273,""37"":0,""48"":80,""49"":18,""224"":""AC8="",""225"":202130,""226"":273,""227"":281474976710656,""228"":0,""229"":0,""230"":0,""231"":0}",7.339,1879353494011949057,0.0,0.0,0.0
1764211574000,2025-11-27 10:46:14.000,104.214868,35.93184,104.2082675223283,35.926090882751915,104.205608,35.926301,20.0,334.0,14783.7,1.0,1,612042023200085,"{""1"":147837,""3"":209,""37"":0,""48"":80,""49"":29,""224"":""AC8="",""225"":147837,""226"":209,""227"":281474976710656,""228"":0,""229"":0,""230"":0,""231"":0}",5.288,1879358279721201665,43.892902594052494,7.900722466929449,0.0
1764211574000,2025-11-27 10:46:14.000,104.214436,35.932693,104.20783719641663,35.92694072393651,104.205177,35.92715,27.0,337.0,17726.1,2.0,2,612042023200080,"{""1"":177261,""3"":275,""37"":0,""48"":80,""49"":34,""224"":""AC8="",""225"":177261,""226"":275,""227"":562949953421312,""228"":0,""229"":0,""230"":0,""231"":0}",8.129,1879364340897329154,41.40426008432577,5.520568011243436,0.0
1764211575000,2025-11-27 10:46:15.000,104.214617,35.932266,104.20801790888882,35.92651535313542,104.205358,35.926725,30.0,338.0,17735.8,1.0,1,612042023200066,"{""1"":177358,""3"":304,""37"":0,""48"":80,""49"":34,""224"":""AC8="",""225"":177358,""226"":304,""227"":281474976710656,""228"":0,""229"":0,""230"":0,""231"":0}",8.403,1879347316192227330,56.973501200072405,6.836820144008688,0.0
1764211575000,2025-11-27 10:46:15.000,104.214239,35.933105,104.20764150609254,35.92735011351085,104.204981,35.927559,28.0,339.0,20213.0,1.0,1,612042023200098,"{""1"":202130,""3"":280,""37"":0,""48"":80,""49"":18,""224"":""AC8="",""225"":202130,""226"":280,""227"":281474976710656,""228"":0,""229"":0,""230"":0,""231"":0}",7.409,1879353494011949057,0.0,0.0,0.0
1764211575000,2025-11-27 10:46:15.000,104.214842,35.931887,104.20824156260028,35.92613793232986,104.205582,35.926348,26.0,335.0,14783.8,1.0,1,612042023200085,"{""1"":147838,""3"":260,""37"":0,""48"":80,""49"":28,""224"":""AC8="",""225"":147838,""226"":260,""227"":281474976710656,""228"":0,""229"":0,""230"":0,""231"":0}",5.73,1879358279721201665,46.548959899427096,6.445240601459136,0.0
1764211575000,2025-11-27 10:46:15.000,104.214407,35.932752,104.20780824202464,35.92699878089969,104.205148,35.927208,28.0,338.0,17726.1,2.0,2,612042023200080,"{""1"":177261,""3"":283,""37"":0,""48"":80,""49"":35,""224"":""AC8="",""225"":177261,""226"":283,""227"":562949953421312,""228"":0,""229"":0,""230"":0,""231"":0}",6.962,1879364340897329154,41.85187122630936,5.380954871954061,0.0
1764211576000,2025-11-27 10:46:16.000,104.214583,35.932335,104.20798396217504,35.92658341978958,104.205324,35.926793,29.0,338.0,17735.9,2.0,2,612042023200066,"{""1"":177359,""3"":282,""37"":0,""48"":80,""49"":34,""224"":""AC8="",""225"":177359,""226"":282,""227"":562949953421312,""228"":0,""229"":0,""230"":0,""231"":0}",8.163,1879347316192227330,57.423235450305526,7.128401642106893,0.0
1764211576000,2025-11-27 10:46:16.000,104.214211,35.933168,104.20761355067758,35.927413170368084,104.204953,35.927622,29.0,338.0,20213.0,1.0,1,612042023200098,"{""1"":202130,""3"":285,""37"":0,""48"":80,""49"":17,""224"":""AC8="",""225"":202130,""226"":285,""227"":281474976710656,""228"":0,""229"":0,""230"":0,""231"":0}",7.45,1879353494011949057,0.0,0.0,0.0
1764211576000,2025-11-27 10:46:16.000,104.214808,35.931951,104.20820761543398,35.92620199781789,104.205548,35.926412,26.0,336.0,14783.8,1.0,1,612042023200085,"{""1"":147838,""3"":267,""37"":0,""48"":80,""49"":29,""224"":""AC8="",""225"":147838,""226"":267,""227"":281474976710656,""228"":0,""229"":0,""230"":0,""231"":0}",7.752,1879358279721201665,46.950447971788236,6.500831257632218,0.0
1764211576000,2025-11-27 10:46:16.000,104.214372,35.932824,104.20777329721238,35.92707085017019,104.205113,35.92728,29.0,338.0,17726.2,2.0,2,612042023200080,"{""1"":177262,""3"":292,""37"":0,""48"":80,""49"":36,""224"":""AC8="",""225"":177262,""226"":292,""227"":562949953421312,""228"":0,""229"":0,""230"":0,""231"":0}",8.609,1879364340897329154,40.691311731255915,5.051335249397286,0.0
1764211577000,2025-11-27 10:46:17.000,104.214558,35.932393,104.2079590018168,35.9266414708077,104.205299,35.926851,22.0,343.0,17735.9,2.0,2,612042023200066,"{""1"":177359,""3"":213,""37"":0,""48"":80,""49"":35,""224"":""AC8="",""225"":177359,""226"":213,""227"":562949953421312,""228"":0,""229"":0,""230"":0,""231"":0}",6.835,1879347316192227330,57.858039922465,9.467679260039727,0.0
1764211577000,2025-11-27 10:46:17.000,104.214181,35.933234,104.20758359839144,35.92747923093214,104.204923,35.927688,29.0,339.0,20213.0,1.0,1,612042023200098,"{""1"":202130,""3"":290,""37"":0,""48"":80,""49"":17,""224"":""AC8="",""225"":202130,""226"":290,""227"":281474976710656,""228"":0,""229"":0,""230"":0,""231"":0}",7.825,1879353494011949057,0.0,0.0,0.0
1764211577000,2025-11-27 10:46:17.000,104.214782,35.932004,104.20818165602772,35.92625404867639,104.205522,35.926464,26.0,338.0,14783.8,1.0,1,612042023200085,"{""1"":147838,""3"":268,""37"":0,""48"":80,""49"":29,""224"":""AC8="",""225"":147838,""226"":268,""227"":281474976710656,""228"":0,""229"":0,""230"":0,""231"":0}",6.242,1879358279721201665,47.51597449715116,6.579134930374776,0.0
1764211577000,2025-11-27 10:46:17.000,104.214342,35.932886,104.20774434304116,35.92713190791977,104.205084,35.927341,29.0,338.0,17726.2,2.0,2,612042023200080,"{""1"":177262,""3"":301,""37"":0,""48"":80,""49"":35,""224"":""AC8="",""225"":177262,""226"":301,""227"":562949953421312,""228"":0,""229"":0,""230"":0,""231"":0}",7.273,1879364340897329154,41.24360321653281,5.119895571707522,0.0
1764211578000,2025-11-27 10:46:18.000,104.214539,35.932441,104.20794003217202,35.926689510566106,104.20528,35.926899,19.0,341.0,17735.9,2.0,2,612042023200066,"{""1"":177359,""3"":200,""37"":0,""48"":80,""49"":34,""224"":""AC8="",""225"":177359,""226"":200,""227"":562949953421312,""228"":0,""229"":0,""230"":0,""231"":0}",5.608,1879347316192227330,61.44318305870858,11.64186626375531,0.0
1764211578000,2025-11-27 10:46:18.000,104.21415,35.933299,104.20755264749434,35.92754329249137,104.204892,35.927752,29.0,336.0,20213.0,1.0,1,612042023200098,"{""1"":202130,""3"":295,""37"":0,""48"":80,""49"":17,""224"":""AC8="",""225"":202130,""226"":295,""227"":281474976710656,""228"":0,""229"":0,""230"":0,""231"":0}",7.649,1879353494011949057,0.0,0.0,0.0
1764211578000,2025-11-27 10:46:18.000,104.214749,35.932071,104.20814870763522,35.92632111349805,104.205489,35.926531,27.0,338.0,14783.8,1.0,1,612042023200085,"{""1"":147838,""3"":273,""37"":0,""48"":80,""49"":29,""224"":""AC8="",""225"":147838,""226"":273,""227"":281474976710656,""228"":0,""229"":0,""230"":0,""231"":0}",8.026,1879358279721201665,45.06761610128459,6.009015480171279,0.0
1764211578000,2025-11-27 10:46:18.000,104.214305,35.932963,104.20770740150417,35.92720898142077,104.205047,35.927418,31.0,338.0,17726.2,2.0,2,612042023200080,"{""1"":177262,""3"":312,""37"":0,""48"":80,""49"":35,""224"":""AC8="",""225"":177262,""226"":312,""227"":562949953421312,""228"":0,""229"":0,""230"":0,""231"":0}",9.193,1879364340897329154,39.69946131193235,4.610260023321176,0.0
1764211579000,2025-11-27 10:46:19.000,104.214518,35.932489,104.20791906540384,35.92673655301178,104.205259,35.926946,20.0,339.0,17735.9,2.0,2,612042023200066,"{""1"":177359,""3"":199,""37"":0,""48"":80,""49"":35,""224"":""AC8="",""225"":177359,""226"":199,""227"":562949953421312,""228"":0,""229"":0,""230"":0,""231"":0}",5.561,1879347316192227330,63.76898351655565,11.478417032980017,0.0
1764211579000,2025-11-27 10:46:19.000,104.214118,35.933366,104.20752069826293,35.92761035629047,104.20486,35.927819,29.0,338.0,20213.0,1.0,1,612042023200098,"{""1"":202130,""3"":300,""37"":0,""48"":80,""49"":17,""224"":""AC8="",""225"":202130,""226"":300,""227"":281474976710656,""228"":0,""229"":0,""230"":0,""231"":0}",7.993,1879353494011949057,0.0,0.0,0.0
1764211579000,2025-11-27 10:46:19.000,104.214723,35.932125,104.20812274838558,35.92637516488838,104.205463,35.926585,26.0,338.0,14783.8,1.0,1,612042023200085,"{""1"":147838,""3"":265,""37"":0,""48"":80,""49"":29,""224"":""AC8="",""225"":147838,""226"":265,""227"":281474976710656,""228"":0,""229"":0,""230"":0,""231"":0}",6.449,1879358279721201665,44.17187723830683,6.116106079150176,0.0
1764211579000,2025-11-27 10:46:19.000,104.214273,35.933029,104.20767545206768,35.92727504486513,104.205015,35.927484,32.0,338.0,17726.2,2.0,2,612042023200080,"{""1"":177262,""3"":325,""37"":0,""48"":80,""49"":35,""224"":""AC8="",""225"":177262,""226"":325,""227"":562949953421312,""228"":0,""229"":0,""230"":0,""231"":0}",7.889,1879364340897329154,39.80362728811541,4.477908069912983,0.0
1764211580000,2025-11-27 10:46:20.000,104.214494,35.932538,104.20789510314134,35.92678560035936,104.205235,35.926995,22.0,337.0,17735.9,2.0,2,612042023200066,"{""1"":177359,""3"":227,""37"":0,""48"":80,""49"":35,""224"":""AC8="",""225"":177359,""226"":227,""227"":562949953421312,""228"":0,""229"":0,""230"":0,""231"":0}",5.865,1879347316192227330,67.84823382734102,11.102438262655804,0.0
1764211580000,2025-11-27 10:46:20.000,104.214086,35.933431,104.20748874895293,35.92767541961464,104.204828,35.927884,30.0,336.0,20213.0,1.0,1,612042023200098,"{""1"":202130,""3"":297,""37"":0,""48"":80,""49"":17,""224"":""AC8="",""225"":202130,""226"":297,""227"":281474976710656,""228"":0,""229"":0,""230"":0,""231"":0}",7.786,1879353494011949057,0.0,0.0,0.0
1764211580000,2025-11-27 10:46:20.000,104.214691,35.93219,104.20809079843352,35.92643922754517,104.205431,35.926649,26.0,337.0,14783.8,1.0,1,612042023200085,"{""1"":147838,""3"":262,""37"":0,""48"":80,""49"":29,""224"":""AC8="",""225"":147838,""226"":262,""227"":281474976710656,""228"":0,""229"":0,""230"":0,""231"":0}",7.682,1879358279721201665,42.354356245780814,5.864449326338882,0.0
1764211580000,2025-11-27 10:46:20.000,104.214232,35.933113,104.20763451681204,35.927358125797056,104.204974,35.927567,33.0,338.0,17726.2,2.0,2,612042023200080,"{""1"":177262,""3"":339,""37"":0,""48"":80,""49"":35,""224"":""AC8="",""225"":177262,""226"":339,""227"":562949953421312,""228"":0,""229"":0,""230"":0,""231"":0}",9.946,1879364340897329154,37.64372714024628,4.106588415299594,0.0
1764211581000,2025-11-27 10:46:21.000,104.214465,35.932596,104.20786614869806,35.92684365728704,104.205206,35.927053,27.0,338.0,17735.9,2.0,2,612042023200066,"{""1"":177359,""3"":283,""37"":0,""48"":80,""49"":35,""224"":""AC8="",""225"":177359,""226"":283,""227"":562949953421312,""228"":0,""229"":0,""230"":0,""231"":0}",6.962,1879347316192227330,69.28802970700187,9.238403960933583,0.0
1764211581000,2025-11-27 10:46:21.000,104.214052,35.933501,104.2074558013672,35.927744485429784,104.204795,35.927953,30.0,337.0,20213.0,1.0,1,612042023200098,"{""1"":202130,""3"":302,""37"":0,""48"":80,""49"":17,""224"":""AC8="",""225"":202130,""226"":302,""227"":281474976710656,""228"":0,""229"":0,""230"":0,""231"":0}",8.233,1879353494011949057,0.0,0.0,0.0
1764211581000,2025-11-27 10:46:21.000,104.214666,35.932243,104.20806583771962,35.926492277258475,104.205406,35.926702,25.0,338.0,14783.8,1.0,1,612042023200085,"{""1"":147838,""3"":257,""37"":0,""48"":80,""49"":28,""224"":""AC8="",""225"":147838,""226"":257,""227"":281474976710656,""228"":0,""229"":0,""230"":0,""231"":0}",6.313,1879358279721201665,43.010368764974245,6.193493102156292,0.0
1764211581000,2025-11-27 10:46:21.000,104.214197,35.933183,104.20759957207513,35.92742819470185,104.204939,35.927637,34.0,338.0,17726.2,2.0,2,612042023200080,"{""1"":177262,""3"":351,""37"":0,""48"":80,""49"":35,""224"":""AC8="",""225"":177262,""226"":351,""227"":562949953421312,""228"":0,""229"":0,""230"":0,""231"":0}",8.403,1879364340897329154,37.476709100659164,3.9681221400697937,0.0
1764211582000,2025-11-27 10:46:22.000,104.21443,35.932667,104.20783120371443,35.926913726017254,104.205171,35.927123,31.0,337.0,17735.9,2.0,2,612042023200066,"{""1"":177359,""3"":311,""37"":0,""48"":80,""49"":35,""224"":""AC8="",""225"":177359,""226"":311,""227"":562949953421312,""228"":0,""229"":0,""230"":0,""231"":0}",8.403,1879347316192227330,71.55208193082564,8.309274030676526,0.0
1764211582000,2025-11-27 10:46:22.000,104.214021,35.93357,104.20742485086387,35.92781354831594,104.204764,35.928022,30.0,338.0,20213.0,1.0,1,612042023200098,"{""1"":202130,""3"":309,""37"":0,""48"":80,""49"":17,""224"":""AC8="",""225"":202130,""226"":309,""227"":281474976710656,""228"":0,""229"":0,""230"":0,""231"":0}",8.169,1879353494011949057,0.0,0.0,0.0
1764211582000,2025-11-27 10:46:22.000,104.214635,35.932306,104.20803588485536,35.92655533678292,104.205376,35.926765,25.0,339.0,14783.8,1.0,1,612042023200085,"{""1"":147838,""3"":262,""37"":0,""48"":80,""49"":28,""224"":""AC8="",""225"":147838,""226"":262,""227"":281474976710656,""228"":0,""229"":0,""230"":0,""231"":0}",7.513,1879358279721201665,43.90636855677914,6.322517072176196,1.1111111111111112
1764211582000,2025-11-27 10:46:22.000,104.214153,35.933273,104.20755564165614,35.92751728161114,104.204895,35.927726,35.0,337.0,17726.2,2.0,2,612042023200080,"{""1"":177262,""3"":354,""37"":0,""48"":80,""49"":34,""224"":""AC8="",""225"":177262,""226"":354,""227"":562949953421312,""228"":0,""229"":0,""230"":0,""231"":0}",10.667,1879364340897329154,34.985017330054426,3.598458925377027,0.5555555555555556
1764211583000,2025-11-27 10:46:23.000,104.214396,35.932739,104.20779725741374,35.926985793804384,104.205137,35.927195,31.0,339.0,17735.9,2.0,2,612042023200066,"{""1"":177359,""3"":311,""37"":0,""48"":80,""49"":34,""224"":""AC8="",""225"":177359,""226"":311,""227"":562949953421312,""228"":0,""229"":0,""230"":0,""231"":0}",8.577,1879347316192227330,71.61494695927662,8.316574485593415,0.0
1764211583000,2025-11-27 10:46:23.000,104.213988,35.933641,104.20739190339668,35.92788361442439,104.204731,35.928092,30.0,338.0,20213.0,1.0,1,612042023200098,"{""1"":202130,""3"":311,""37"":0,""48"":80,""49"":17,""224"":""AC8="",""225"":202130,""226"":311,""227"":281474976710656,""228"":0,""229"":0,""230"":0,""231"":0}",8.337,1879353494011949057,0.0,0.0,0.2777777777777778
1764211583000,2025-11-27 10:46:23.000,104.214611,35.93236,104.20801192272616,35.92660838506382,104.205352,35.926818,26.0,339.0,14783.8,1.0,1,612042023200085,"{""1"":147838,""3"":273,""37"":0,""48"":80,""49"":28,""224"":""AC8="",""225"":147838,""226"":273,""227"":281474976710656,""228"":0,""229"":0,""230"":0,""231"":0}",6.281,1879358279721201665,46.20331338524759,6.397381853341974,0.8333333333333333
1764211583000,2025-11-27 10:46:23.000,104.214117,35.933345,104.20751969858482,35.927589352546505,104.204859,35.927798,35.0,337.0,17726.2,2.0,2,612042023200080,"{""1"":177262,""3"":353,""37"":0,""48"":80,""49"":34,""224"":""AC8="",""225"":177262,""226"":353,""227"":562949953421312,""228"":0,""229"":0,""230"":0,""231"":0}",8.643,1879364340897329154,34.68476384758966,3.5675757100377936,0.0
1764211584000,2025-11-27 10:46:24.000,104.214361,35.932813,104.20776231272276,35.927059863581974,104.205102,35.927269,32.0,338.0,17735.9,2.0,2,612042023200066,"{""1"":177359,""3"":329,""37"":0,""48"":80,""49"":35,""224"":""AC8="",""225"":177359,""226"":329,""227"":562949953421312,""228"":0,""229"":0,""230"":0,""231"":0}",8.817,1879347316192227330,73.46235332053277,8.264514748559936,0.2777777777777778
1764211584000,2025-11-27 10:46:24.000,104.213954,35.933713,104.20735795754904,35.92795568253027,104.204697,35.928164,32.0,335.0,20213.0,1.0,1,612042023200098,"{""1"":202130,""3"":315,""37"":0,""48"":80,""49"":17,""224"":""AC8="",""225"":202130,""226"":315,""227"":281474976710656,""228"":0,""229"":0,""230"":0,""231"":0}",8.577,1879353494011949057,0.0,0.0,0.5555555555555556
1764211584000,2025-11-27 10:46:24.000,104.214579,35.932431,104.20797997326626,35.92667944954056,104.20532,35.926889,29.0,339.0,14783.8,1.0,1,612042023200085,"{""1"":147838,""3"":300,""37"":0,""48"":80,""49"":28,""224"":""AC8="",""225"":147838,""226"":300,""227"":281474976710656,""228"":0,""229"":0,""230"":0,""231"":0}",8.409,1879358279721201665,46.619777099646164,5.787282674438834,1.3888888888888888
1764211584000,2025-11-27 10:46:24.000,104.214073,35.933435,104.20747576827227,35.92767843953172,104.204815,35.927887,35.0,337.0,17726.2,2.0,2,612042023200080,"{""1"":177262,""3"":353,""37"":0,""48"":80,""49"":34,""224"":""AC8="",""225"":177262,""226"":353,""227"":562949953421312,""228"":0,""229"":0,""230"":0,""231"":0}",10.667,1879364340897329154,32.60201620729279,3.353350238464402,0.2777777777777778
1764211585000,2025-11-27 10:46:25.000,104.214322,35.932892,104.20772437268636,35.927137938787645,104.205064,35.927347,35.0,338.0,17735.9,2.0,2,612042023200066,"{""1"":177359,""3"":356,""37"":0,""48"":80,""49"":35,""224"":""AC8="",""225"":177359,""226"":356,""227"":562949953421312,""228"":0,""229"":0,""230"":0,""231"":0}",9.33,1879347316192227330,72.91003523348616,7.499317909730006,0.0
1764211585000,2025-11-27 10:46:25.000,104.213914,35.933783,104.2073180204966,35.92802575903552,104.204657,35.928234,31.0,335.0,20213.0,1.0,1,612042023200098,"{""1"":202130,""3"":318,""37"":0,""48"":80,""49"":17,""224"":""AC8="",""225"":202130,""226"":318,""227"":281474976710656,""228"":0,""229"":0,""230"":0,""231"":0}",8.582,1879353494011949057,0.0,0.0,0.2777777777777778
1764211585000,2025-11-27 10:46:25.000,104.214549,35.932496,104.20795002059045,35.92674450961849,104.20529,35.926954,33.0,339.0,14783.8,1.0,1,612042023200085,"{""1"":147838,""3"":346,""37"":0,""48"":80,""49"":27,""224"":""AC8="",""225"":147838,""226"":346,""227"":281474976710656,""228"":0,""229"":0,""230"":0,""231"":0}",7.721,1879358279721201665,48.23525525817007,5.262027846345826,0.8333333333333333
1764211585000,2025-11-27 10:46:25.000,104.214035,35.933508,104.2074388268175,35.927751512253366,104.204778,35.92796,35.0,337.0,17726.2,2.0,2,612042023200080,"{""1"":177262,""3"":359,""37"":0,""48"":80,""49"":34,""224"":""AC8="",""225"":177262,""226"":359,""227"":562949953421312,""228"":0,""229"":0,""230"":0,""231"":0}",8.78,1879364340897329154,32.37677894100303,3.3301829767888838,1.1111111111111112
1764211586000,2025-11-27 10:46:26.000,104.21428,35.932977,104.20768243894663,35.927223021645,104.205022,35.927432,38.0,338.0,17735.9,2.0,2,612042023200066,"{""1"":177359,""3"":389,""37"":0,""48"":80,""49"":35,""224"":""AC8="",""225"":177359,""226"":389,""227"":562949953421312,""228"":0,""229"":0,""230"":0,""231"":0}",10.186,1879347316192227330,73.49414248585397,6.962602972344061,0.0
1764211586000,2025-11-27 10:46:26.000,104.213876,35.933855,104.20728008058784,35.92809683286503,104.204619,35.928305,30.0,337.0,20213.0,1.0,1,612042023200098,"{""1"":202130,""3"":322,""37"":0,""48"":80,""49"":17,""224"":""AC8="",""225"":202130,""226"":322,""227"":281474976710656,""228"":0,""229"":0,""230"":0,""231"":0}",8.61,1879353494011949057,0.0,0.0,0.0
1764211586000,2025-11-27 10:46:26.000,104.214507,35.932586,104.20790808678092,35.92683359326237,104.205248,35.927043,37.0,339.0,14783.8,1.0,1,612042023200085,"{""1"":147838,""3"":381,""37"":0,""48"":80,""49"":27,""224"":""AC8="",""225"":147838,""226"":381,""227"":281474976710656,""228"":0,""229"":0,""230"":0,""231"":0}",10.601,1879358279721201665,47.83213451995062,4.653937412751953,0.0
1764211586000,2025-11-27 10:46:26.000,104.213991,35.933599,104.20739489666728,35.927841599563685,104.204734,35.92805,35.0,338.0,17726.3,2.0,2,612042023200080,"{""1"":177263,""3"":362,""37"":0,""48"":80,""49"":35,""224"":""AC8="",""225"":177263,""226"":362,""227"":562949953421312,""228"":0,""229"":0,""230"":0,""231"":0}",10.77,1879364340897329154,30.20493135517569,3.1067929393895,0.0
1764211587000,2025-11-27 10:46:27.000,104.214234,35.933071,104.20763651157364,35.927316112413635,104.204976,35.927525,41.0,337.0,17735.9,2.0,2,612042023200066,"{""1"":177359,""3"":409,""37"":0,""48"":80,""49"":35,""224"":""AC8="",""225"":177359,""226"":409,""227"":562949953421312,""228"":0,""229"":0,""230"":0,""231"":0}",11.147,1879347316192227330,71.27076003469324,6.257920393290138,0.2777777777777778
1764211587000,2025-11-27 10:46:27.000,104.213839,35.933926,104.20724313924184,35.9281679052455,104.204582,35.928376,32.0,335.0,20213.1,1.0,1,612042023200098,"{""1"":202131,""3"":326,""37"":0,""48"":80,""49"":17,""224"":""AC8="",""225"":202131,""226"":326,""227"":281474976710656,""228"":0,""229"":0,""230"":0,""231"":0}",8.574,1879353494011949057,0.0,0.0,0.2777777777777778
1764211587000,2025-11-27 10:46:27.000,104.21447,35.932665,104.2078711451688,35.92691266712828,104.205211,35.927122,38.0,338.0,14783.8,1.0,1,612042023200085,"{""1"":147838,""3"":394,""37"":0,""48"":80,""49"":28,""224"":""AC8="",""225"":147838,""226"":394,""227"":281474976710656,""228"":0,""229"":0,""230"":0,""231"":0}",9.401,1879358279721201665,49.58686383185293,4.697702889333436,0.0
1764211587000,2025-11-27 10:46:27.000,104.213956,35.933674,104.20735995245803,35.927916669891225,104.204699,35.928125,36.0,338.0,17726.3,2.0,2,612042023200080,"{""1"":177263,""3"":361,""37"":0,""48"":80,""49"":35,""224"":""AC8="",""225"":177263,""226"":361,""227"":562949953421312,""228"":0,""229"":0,""230"":0,""231"":0}",8.921,1879364340897329154,29.85050074768424,2.985050074768424,0.5555555555555556
1764211588000,2025-11-27 10:46:28.000,104.214187,35.933165,104.20758958578976,35.927410204948785,104.204929,35.927619,41.0,337.0,17736.0,2.0,2,612042023200066,"{""1"":177360,""3"":415,""37"":0,""48"":80,""49"":35,""224"":""AC8="",""225"":177360,""226"":415,""227"":562949953421312,""228"":0,""229"":0,""230"":0,""231"":0}",11.284,1879347316192227330,70.9265732846147,6.227699117673486,0.2777777777777778
1764211588000,2025-11-27 10:46:28.000,104.213799,35.934001,104.20720320254672,35.92824198284384,104.204542,35.92845,33.0,334.0,20213.1,1.0,1,612042023200098,"{""1"":202131,""3"":328,""37"":0,""48"":80,""49"":16,""224"":""AC8="",""225"":202131,""226"":328,""227"":281474976710656,""228"":0,""229"":0,""230"":0,""231"":0}",8.988,1879353494011949057,0.0,0.0,0.2777777777777778
1764211588000,2025-11-27 10:46:28.000,104.214424,35.932764,104.20782521780546,35.92701075894886,104.205165,35.92722,38.0,339.0,14783.9,2.0,2,612042023200085,"{""1"":147839,""3"":392,""37"":0,""48"":80,""49"":28,""224"":""AC8="",""225"":147839,""226"":392,""227"":562949953421312,""228"":0,""229"":0,""230"":0,""231"":0}",11.665,1879358279721201665,49.22358101642192,4.663286622608393,0.2777777777777778
1764211588000,2025-11-27 10:46:28.000,104.21391,35.933765,104.20731402542432,35.928007760481506,104.204653,35.928216,36.0,337.0,17726.3,2.0,2,612042023200080,"{""1"":177263,""3"":371,""37"":0,""48"":80,""49"":34,""224"":""AC8="",""225"":177263,""226"":371,""227"":562949953421312,""228"":0,""229"":0,""230"":0,""231"":0}",10.94,1879364340897329154,27.890481863556825,2.7890481863556826,0.2777777777777778
1764211589000,2025-11-27 10:46:29.000,104.214141,35.933259,104.20754365854631,35.9275032958099,104.204883,35.927712,38.0,338.0,17736.0,2.0,2,612042023200066,"{""1"":177360,""3"":376,""37"":0,""48"":80,""49"":35,""224"":""AC8="",""225"":177360,""226"":376,""227"":562949953421312,""228"":0,""229"":0,""230"":0,""231"":0}",11.147,1879347316192227330,68.82994933774071,6.520732042522805,0.0
1764211589000,2025-11-27 10:46:29.000,104.213761,35.934073,104.20716626134092,35.92831405553402,104.204505,35.928522,32.0,336.0,20213.1,1.0,1,612042023200098,"{""1"":202131,""3"":333,""37"":0,""48"":80,""49"":17,""224"":""AC8="",""225"":202131,""226"":333,""227"":281474976710656,""228"":0,""229"":0,""230"":0,""231"":0}",8.677,1879353494011949057,0.0,0.0,0.0
1764211589000,2025-11-27 10:46:29.000,104.214387,35.932843,104.20778827628692,35.92708983288081,104.205128,35.927299,39.0,338.0,14783.9,2.0,2,612042023200085,"{""1"":147839,""3"":396,""37"":0,""48"":80,""49"":29,""224"":""AC8="",""225"":147839,""226"":396,""227"":562949953421312,""228"":0,""229"":0,""230"":0,""231"":0}",9.401,1879358279721201665,50.97873885161362,4.705729740148949,0.0
1764211589000,2025-11-27 10:46:29.000,104.213871,35.933841,104.207275087219,35.92808283678776,104.204614,35.928291,35.0,336.0,17726.3,2.0,2,612042023200080,"{""1"":177263,""3"":353,""37"":0,""48"":80,""49"":34,""224"":""AC8="",""225"":177263,""226"":353,""227"":562949953421312,""228"":0,""229"":0,""230"":0,""231"":0}",9.054,1879364340897329154,27.514309781818223,2.8300432918441603,0.0
1764211590000,2025-11-27 10:46:30.000,104.214102,35.933339,104.20750472034447,35.92758337316635,104.204844,35.927792,34.0,338.0,17736.0,2.0,2,612042023200066,"{""1"":177360,""3"":337,""37"":0,""48"":80,""49"":35,""224"":""AC8="",""225"":177360,""226"":337,""227"":562949953421312,""228"":0,""229"":0,""230"":0,""231"":0}",9.57,1879347316192227330,67.86156727377566,7.185342417223305,0.2777777777777778
1764211590000,2025-11-27 10:46:30.000,104.213724,35.934148,104.20712932028576,35.92838812874977,104.204468,35.928596,34.0,336.0,20213.1,1.0,1,612042023200098,"{""1"":202131,""3"":337,""37"":0,""48"":80,""49"":17,""224"":""AC8="",""225"":202131,""226"":337,""227"":281474976710656,""228"":0,""229"":0,""230"":0,""231"":0}",8.883,1879353494011949057,0.0,0.0,0.0
1764211590000,2025-11-27 10:46:30.000,104.214337,35.932942,104.2077393534367,35.92718792918932,104.205079,35.927397,39.0,337.0,14783.9,2.0,2,612042023200085,"{""1"":147839,""3"":397,""37"":0,""48"":80,""49"":29,""224"":""AC8="",""225"":147839,""226"":397,""227"":562949953421312,""228"":0,""229"":0,""230"":0,""231"":0}",11.764,1879358279721201665,48.78337256286066,4.503080544264061,-0.2777777777777778
1764211590000,2025-11-27 10:46:30.000,104.213833,35.933912,104.20723714735932,35.92815391065357,104.204576,35.928362,30.0,336.0,17726.3,2.0,2,612042023200080,"{""1"":177263,""3"":301,""37"":0,""48"":80,""49"":34,""224"":""AC8="",""225"":177263,""226"":301,""227"":562949953421312,""228"":0,""229"":0,""230"":0,""231"":0}",8.61,1879364340897329154,27.794664625668723,3.3353597550802467,-1.3888888888888888
